analyte	age_l	age_m	age_u	bmi_l	bmi_m	bmi_u	education_Ghana_l	education_Ghana_m	education_Ghana_u	aspirin_l	aspirin_m	aspirin_u	smoke_l	smoke_m	smoke_u	diabetes_l	diabetes_m	diabetes_u	PSA_l	PSA_m	PSA_u
IL8	-0.0421862352614832	-0.0179337660222916	0.00631870321690012	-0.0781971810909223	-0.040303424898127	-0.00240966870533158	-0.2657189460352	-0.11501093968695	0.0356970666612997	-0.130060746637167	0.429934172784737	0.989929092206641	0.0188261993987125	0.250441392461828	0.482056585524943	-0.910117215299921	-0.241741811481784	0.426633592336353	-0.0806991699843718	-0.0266202282897214	0.027458713404929
TNFRSF9	-0.00296945395296308	0.00479390134734027	0.0125572566476436	-0.0316890804339579	-0.0195590704920281	-0.00742906055009838	-0.1389751955747	-0.0907326934054313	-0.0424901912361623	-0.317854301168423	-0.138596697212303	0.0406609067438158	-0.110748401250023	-0.0366070419119973	0.0375343174260281	-0.0699205743437266	0.144030247844673	0.357981070033072	-0.028349687306384	-0.0110387061234242	0.0062722750595357
TIE2	-0.00874710278522174	-0.00398048425256989	0.000786134280081974	-0.0148211059333867	-0.00737340736055512	7.42912122764557e-05	-0.0245330622157857	0.00508732690804454	0.0347077160318748	-0.149668243923818	-0.0396059597587976	0.0704563244062229	-0.0117833969552639	0.0337386181768819	0.0792606333090277	-0.0153003293140197	0.116063226090881	0.247426781495781	-0.0122836816110326	-0.00165492116748318	0.00897383927606626
CD40L	-0.00348213497354745	0.0048975949163114	0.0132773248061703	-0.00681918693534783	0.00627388982628153	0.0193669665879109	-0.0373644912439391	0.0147082429994116	0.0667809772427623	-0.22307780346012	-0.0295879728714215	0.163901857717277	-0.0716909195893669	0.00833692158071863	0.0883647627508041	-0.0913997128063124	0.139537817462585	0.370475347731482	-0.0080403411810907	0.0106450520323263	0.0293304452457433
CD244	-0.0121265874453923	-0.00591258258548887	0.000301422274414558	-0.0236915302783204	-0.0139823339560958	-0.00427313763387114	-0.110195873726999	-0.0715812372280063	-0.032966600729014	-0.241234554808677	-0.0977517977958112	0.0457309592170544	-0.0764797395670488	-0.0171349396158815	0.0422098603352857	-0.155295037953094	0.0159571329744818	0.187209303902057	-0.0272770227614273	-0.0134208333897512	0.000435355981925031
EGF	-0.00667219362505689	0.00190511061814844	0.0104824148613538	-0.00561841124644168	0.00778336951979112	0.0211851502860239	-0.0254297560055598	0.0278707310329691	0.081171218071498	-0.14750405041566	0.0505478160214674	0.248599682458594	-0.022663413223451	0.0592512965183803	0.141166006260212	-0.198912096051484	0.0374703988888315	0.273852893829147	-0.0314214100295934	-0.0122954591216339	0.00683049178632561
ANG1	-0.0045520931267502	-0.000647565329114255	0.00325696246852169	0.0018538489462444	0.00795455658769609	0.0140552642291478	-0.00349193365691735	0.0207713112238191	0.0450345561045555	-0.10516193176074	-0.0150055147850889	0.0751509021905626	-0.0196528215296125	0.0176360809219504	0.0549249833735133	-0.00523025426915159	0.102374885550873	0.209980025370897	0.000683949617483959	0.00939039220817389	0.0180968347988638
IL7	-0.00607717855142239	0.000648044274764835	0.00737326710095206	-0.00146206552066702	0.00904589354957629	0.0195538526198196	-0.0546594728760813	-0.0128680612723283	0.0289233503314247	-0.371662978806846	-0.216376085027011	-0.0610891912471767	-0.0797899619676116	-0.0155629437651656	0.0486640744372803	-0.135486918958455	0.0498539417138277	0.23519480238611	0.0102368104036131	0.0252329301600785	0.0402290499165438
PGF	0.00666435546122441	0.0109875395120837	0.0153107235629429	-0.00720887485773323	-0.000454029370284539	0.00630081611716415	-0.0504525242865455	-0.0235876948559542	0.00327713457463721	-0.138184589701435	-0.0383613065408595	0.0614619766197165	-0.0398661069124068	0.00142103373754539	0.0427081743874976	0.0640890141523832	0.183231929344861	0.302374844537338	-0.00724148262839873	0.00239849324027915	0.012038469108957
IL6	-0.0294911583879786	-0.00903783312505902	0.0114154921378605	-0.0890986612336424	-0.0571409536204093	-0.0251832460071763	-0.240061341000305	-0.1129617107249	0.0141379195505052	-0.288145774538863	0.184126063827579	0.656397902194021	-0.0597490141600206	0.135583709812613	0.330916433785246	-0.769189915175109	-0.205515371473958	0.358159172227193	-0.0807731303977456	-0.0351656430344501	0.0104418443288454
MCP1	-0.00293082930787275	0.0037203114320333	0.0103714521719394	-0.0167866238612193	-0.00639441583010138	0.00399779220101657	-0.0804582435281597	-0.0391271876687823	0.00220386819059516	-0.0288786300204058	0.124697691877924	0.278274013776253	-0.0339759492320203	0.0295435724863643	0.093063094204749	-0.21692330976752	-0.0336240822108404	0.149675145345839	-0.012695710429921	0.00213521869027949	0.0169661478104799
CRTAM	-0.00268452238259009	0.00577900618275971	0.0142425347481095	-0.0418958145174286	-0.0286718048372987	-0.0154477951571687	-0.150379048137938	-0.0977855779978292	-0.0451921078577207	-0.334442732005847	-0.139017971325437	0.0564067893549731	-0.135280882671721	-0.0544527499432444	0.0263753827852322	-0.204645696318341	0.0286012471908446	0.26184819070003	-0.0329095242425231	-0.0140372740274017	0.00483497618771962
MCP4	0.00610822674079853	0.0149639062967718	0.0238195858527451	0.0204638806715926	0.0343006145194306	0.0481373483672686	-0.0504761369945992	0.00455421053731121	0.0595845580692216	-0.221037570593413	-0.0165579561482355	0.187921658296942	-0.15007684225383	-0.0655036010785657	0.0190696400966984	-0.224682070648642	0.0193721879479532	0.263426446544548	-0.0152866155658056	0.00446006563398255	0.0242067468337707
TRAIL	-0.00296914255997063	0.00240536765516531	0.00777987787030126	0.00175854980156079	0.010156060906077	0.0185535720105932	-0.0435628585701457	-0.0101649512629375	0.0232329560442706	-0.16707590247784	-0.0429772638949437	0.0811213746879524	-0.101494352616232	-0.0501668688527726	0.00116061491068627	-0.147104234433287	0.00101224805507137	0.14912873054343	-0.0148855686904547	-0.00290131167748394	0.0090829453354868
CXCL9	0.0150013411137299	0.0270872964500105	0.0391732517862911	-0.0525723851404518	-0.0336884422168199	-0.0148044992931881	-0.233838365576714	-0.158734663121486	-0.0836309606662568	-0.595847056410918	-0.316779654327997	-0.0377122522450753	-0.14466604391312	-0.0292431213662807	0.0861798011805585	-0.290867891676572	0.0422097507995454	0.375287393275663	-0.0466412181144774	-0.0196915633181457	0.00725809147818592
CAIX	-0.0107007539674412	-0.00185343538149658	0.00699388320444801	-0.04097317202398	-0.0271495019411829	-0.0133258318583858	-0.107412287261888	-0.0524338958879973	0.00254449548589334	-0.123283059471685	0.0810034983122793	0.285290056096244	-0.0396611996703533	0.0448321928235956	0.129325585317544	-0.183336874589499	0.0604869634810821	0.304310801551663	-0.00915102984834103	0.01057700778958	0.0303050454275009
ADA	-0.00896724682999505	-0.003530434798086	0.00190637723382306	-0.0203555489638382	-0.0118606931381769	-0.00336583731251563	-0.0692235031907916	-0.0354384442700654	-0.00165338534933918	-0.0871388974839063	0.0383983039323082	0.163935505348523	-0.0620044566041771	-0.0100819799277175	0.0418404967487421	-0.12300166730524	0.0268317950722027	0.176665257449646	-0.022051252029858	-0.0099280724072546	0.00219510721534877
Gal9	0.00382681094635947	0.00837903006596498	0.0129312491855705	-0.00936012168447349	-0.00224741576767744	0.0048652901491186	-0.0684273691830609	-0.0401392859693536	-0.0118512027556463	-0.190982896922137	-0.0858711429834975	0.0192406109551419	-0.0307656285092597	0.0127088358784405	0.0561833002661408	-0.127625544721858	-0.00217063692145187	0.123284270878954	-0.023155631371536	-0.0130049456857833	-0.00285426000003069
VEGFR2	-0.00449184710689934	-0.0012597476618649	0.00197235178316953	-0.00197653711486261	0.003073521382401	0.00812357987966461	0.0238790111373293	0.0439636985510658	0.0640483859648023	-0.0456221469037087	0.0290077495589891	0.103637646021687	0.00551801368096871	0.0363851113598766	0.0672522090387845	0.0142228221749087	0.103296464551262	0.192370106927615	-0.00942404372048534	-0.00221700365724621	0.00499003640599293
CD40	0.00085618849294313	0.00566133725827378	0.0104664860236044	-0.00899707523334391	-0.00148917432693624	0.00601872657947143	-0.0702878927520333	-0.0404280717380361	-0.010568250724039	-0.102126081663684	0.00882587416039363	0.119777829984471	-0.0276137411780944	0.018276244208653	0.0641662295954004	-0.0198059597439483	0.112619452891732	0.245044865527412	-0.0102718814453788	0.000442794959385399	0.0111574713641496
IL18	-0.0143481846493913	-0.00491224458853683	0.00452369547231762	-0.033415674393405	-0.0186723009006131	-0.00392892740782123	-0.142497363496847	-0.0838612015222591	-0.0252250395476711	-0.423869380882108	-0.205991422067543	0.0118865367470215	-0.0716518946908376	0.0184629326849678	0.108577760060773	-0.191211562040212	0.0688341341887601	0.328879830417732	-0.0350611495828605	-0.014020584708726	0.00701998016540853
GZMH	-0.0190742944229593	-0.00390996157450835	0.0112543712739426	-0.0334846830191061	-0.00979086751033309	0.0139029479984399	-0.225280509161861	-0.131047367428888	-0.0368142256959149	-0.394797598487041	-0.044649773628352	0.305498051230337	-0.0947434409991776	0.0500785087052877	0.194900458409753	-0.922283122900844	-0.504368270963324	-0.0864534190258034	-0.0561664202647951	-0.0223524995517476	0.0114614211613
CXCL1	-0.0106039502088821	-0.00451232786014435	0.00157929448859336	-0.0100360098249121	-0.000518032507838565	0.00899994480923498	-0.0432116550617599	-0.00535751944569923	0.0324966161703614	-0.0511785629610368	0.0894783545959376	0.230135272152912	-0.0358914929466007	0.022284533273874	0.0804605594943487	-0.278147491291969	-0.110268068083974	0.0576113551240216	-0.00267709445407207	0.0109062024289877	0.0244894993120475
TNFSF14	-0.0113015719238564	-0.00187894561620189	0.00754368069145264	-0.0121489246436487	0.00257364650886217	0.017296217661373	-0.0817473572609357	-0.0231939286848311	0.0353594998912735	-0.0790607433268733	0.138509797959321	0.356080339245516	0.0284234195697643	0.118411098345261	0.208398777120757	-0.279479878411382	-0.0198010967874166	0.239877684836549	-0.0368825625170235	-0.0158716850811426	0.0051391923547383
TWEAK	-0.00416490678038172	0.000144611834525374	0.00445413044943247	-0.0050307931702922	0.00170270048311716	0.00843619413652651	-0.0439127653370816	-0.0171328547074551	0.00964705592217138	-0.151065270566875	-0.051557525367792	0.0479502198312915	-0.105707683625951	-0.0645510502062167	-0.0233944167864824	-0.0668220457413256	0.0519442627979161	0.170710571337158	-0.00913574199119919	0.000473762245629563	0.0100832664824583
PDGFsubunitB	-0.00258970561695987	-0.000981311768898552	0.00062708207916277	-0.00152523802247361	0.000987829151813802	0.00350089632610121	0.00114888849416087	0.0111436575988424	0.0211384267035239	-0.0364597088137973	0.000678463570245095	0.0378166359542875	-0.00685001576493025	0.00851041817547235	0.023870852115875	-0.0197065507013931	0.0246192817362949	0.068945114173983	-0.00203025053681854	0.00155619817788733	0.0051426468925932
PDCD1	-0.00530390385402362	0.00209538346337775	0.00949467078077912	-0.0240267313091007	-0.0124655666771321	-0.000904402045163425	-0.0952882841361271	-0.0493081478866845	-0.00332801163724186	-0.208744769206278	-0.0378935761083086	0.132957616989661	-0.120091172670967	-0.0494267242947197	0.0212377240815273	-0.182615080882909	0.0213023676852841	0.225219816253477	-0.0214530874531512	-0.00495391685434536	0.0115452537444605
FASLG	-0.00573353433276518	0.000766198597780987	0.00726593152832716	-0.0193792756710682	-0.00922363780346572	0.000932000064136785	-0.082341108886988	-0.0419509208983885	-0.00156073290978893	-0.152371289471109	-0.00229100763229285	0.147789274206523	-0.0732433937963927	-0.011169842327482	0.0509037091414287	-0.280556678795637	-0.101430109071199	0.0776964606532378	-0.0250683909554191	-0.0105750758741742	0.00391823920707074
MCP2	-0.00141376905084041	0.00604891697218293	0.0135116029952063	-0.00618938272566667	0.00547084048339299	0.0171310636924527	-0.0348763413813046	0.011497762691996	0.0578718667652966	-0.203876183641502	-0.0315611003022508	0.140753983037	-0.0768409496186875	-0.00557103285496366	0.0656988839087602	-0.233975847995003	-0.028311190305391	0.177353467384221	-0.0148812778094812	0.00175926127725192	0.018399800363985
CCL4	-0.0218434543678682	-0.00829223835505295	0.0052589776577623	-0.045026152008921	-0.0238527832009439	-0.0026794143929668	-0.163829783656363	-0.0796207602887313	0.00458826307890042	0.0552659968823043	0.368166594521335	0.681067192160366	-0.0494611106029883	0.079955299828991	0.20937171026097	-0.552964539238416	-0.179505680865525	0.193953177507367	-0.0525555646611631	-0.0223386241335407	0.00787831639408181
Gal1	0.00121468030696424	0.0041271519270694	0.00703962354717455	0.00532892038987007	0.00987956999186412	0.0144302195938582	-0.0108274253110348	0.00727105311946638	0.0253695315499676	-0.0647979946055847	0.00245162415009004	0.0697012429057648	-0.0337098320466692	-0.00589523428639669	0.0219193634738758	-0.0157935756156951	0.0644714223932882	0.144736420402271	-0.00758664434514407	-0.00109232076194096	0.00540200282126216
PDL1	-0.00622242733937016	0.000457335768577645	0.00713709887652545	-0.0218865669716524	-0.011449637348455	-0.00101270772525761	-0.0422515874763913	-0.000742668489676448	0.0407662504970384	-0.261796725861312	-0.107559507106373	0.0466777116485662	-0.0685756087633717	-0.00478273857747504	0.0590101316084216	0.0576604908015698	0.241748524092192	0.425836557382814	-0.0142591511488246	0.000635601055006053	0.0155303532588367
CD27	-0.000581917957231944	0.00484699071210683	0.0102758993814456	-0.0296934054717573	-0.0212108984132005	-0.0127283913546436	-0.0926639016224846	-0.0589279552273601	-0.0251920088322357	-0.261535074216898	-0.136180363203704	-0.0108256521905105	-0.00702865163257084	0.0448183465913852	0.0966653448153412	0.0999999918106458	0.249615644896287	0.399231297981928	-0.0123996176175076	-0.000294061168834106	0.0118114952798394
HGF	0.000865056951358525	0.00631206692352823	0.0117590768956979	-0.00292819686428174	0.00558259293734273	0.0140933827389672	-0.0565750908879013	-0.022726660636595	0.0111217696147113	-0.207009669967655	-0.0812369958382004	0.0445356782912543	-0.00272973519553766	0.0492901335393973	0.101310002274332	-0.0853731781283256	0.064741329959251	0.214855838046828	-0.0143097472391702	-0.00216382791895819	0.00998209140125378
GZMA	-0.00186501997958304	0.00532162984698606	0.0125082796735552	-0.018914421918648	-0.00768549699207086	0.00354342793450627	-0.124997291033113	-0.080338511879402	-0.0356797327256913	-0.2737156765344	-0.107774330486243	0.058167015561915	-0.120707132646468	-0.052073408358801	0.0165603159288659	-0.327369599394513	-0.129312241499984	0.0687451163945463	-0.0339568499199345	-0.0179318252876858	-0.00190680065543715
HO1	-0.00791473998429425	0.00575085331577058	0.0194164466158354	-0.03394598230164	-0.0125939024109157	0.00875817747980861	-0.114661739725319	-0.0297419609800435	0.0551778177652325	-0.260728010419389	0.054813584271337	0.370355178962063	-0.286991845706626	-0.156483112789581	-0.025974379872535	-0.541619642178507	-0.165008652581404	0.211602337015698	-0.0298849526078027	0.000587030100777032	0.0310590128093568
CX3CL1	0.0025779046554641	0.00746820073193803	0.012358496808412	-0.0199030993610299	-0.0122621583333416	-0.00462121730565335	-0.0194637234259176	0.0109252140826417	0.0413141515912011	-0.170455220979987	-0.0575371947664402	0.0553808314471062	-0.0394974197398624	0.00720573690440741	0.0539088935486772	0.0697440879669319	0.204516080982042	0.339288073997152	-0.0112983265922492	-0.000393785954306869	0.0105107546836354
CD70	0.00300755716181417	0.00798981394326869	0.0129720707247232	-0.00448598532180687	0.00329864155079406	0.011083268423395	-0.0434733514847308	-0.012512958163845	0.0184474351570407	-0.199122890909867	-0.084081471524776	0.0309599478603145	-0.025220760237434	0.0223606367306656	0.0699420336987652	-0.0518735704424011	0.0854327737235384	0.222739117889478	-0.0161084691950514	-0.00499887159759726	0.00611072599985693
TNFRSF12A	0.00566196069750354	0.0108088691850613	0.0159557776726191	-0.0138340650409877	-0.00579217481320959	0.00224971541456848	-0.0732296937394717	-0.0412461332464548	-0.00926257275343787	-0.185478378685432	-0.0666351147136061	0.0522081492582195	-0.0258325025664126	0.0233213461104661	0.0724751947873448	0.00801563891344603	0.149859630337929	0.291703621762411	-0.00560807862834007	0.00586866467813307	0.0173454079846062
CCL23	0.00207520743160213	0.00860495215035174	0.0151346968691014	-0.0249345096722813	-0.014731979285246	-0.00452944889821075	-0.0807615257881494	-0.0401848406341487	0.000391844519852025	-0.247674777136603	-0.0969015164200103	0.0538717442965826	-0.108279307225919	-0.0459191380913859	0.016441031043147	-0.0177341487375435	0.162219517842969	0.342173184423481	-0.00954567128426988	0.00501456505469935	0.0195748013936686
CD5	-0.00531019830823528	-9.94574040129546e-05	0.00511128350020937	-0.0108793226216006	-0.00273769615622848	0.00540393030914367	-0.0777130468734901	-0.0453328234196413	-0.0129525999657924	-0.246677221051706	-0.126360052353973	-0.0060428836562406	-0.0703257711899727	-0.0205623121116282	0.0292011469667164	-0.0101767344273114	0.133426418789897	0.277029572007106	-0.0186275351453489	-0.00700845624801347	0.00461062264932198
CCL3	-0.0481439301787132	-0.0242641988786673	-0.00038446757862139	-0.0731760246472269	-0.0358646603111325	0.00144670402496194	-0.205566840026896	-0.0571750758371249	0.0912166883526464	0.283823688841047	0.835212006183023	1.386600323525	-0.06170311554513	0.166352367004151	0.394407849553431	-0.926835616848674	-0.268732522548295	0.389370571752083	-0.0914137479199543	-0.0381659493587987	0.0150818492023568
MMP7	0.00561313269766811	0.00910502321449277	0.0125969137313174	-0.00144039464634951	0.0040155796130739	0.00947155387249731	-0.0118568767152554	0.00984218629506197	0.0315412493053793	-0.0690282729056849	0.0116002572993701	0.0922287875044252	-0.0362002136930626	-0.00285206723288133	0.0304960792272999	0.0397620738638276	0.135995315570196	0.232228557276565	-0.00305964377287975	0.00472668683952255	0.0125130174519248
NCR1	-0.00104981838712722	0.00532950573043644	0.0117088298480001	-0.0184095860397874	-0.00844208333308841	0.00152541937361057	-0.0629032286209478	-0.0232612766974013	0.0163806752261451	-0.15734237942679	-0.0100423639129741	0.137257651600841	-0.119938605033135	-0.0590149781426412	0.00190864874785267	0.103019919613332	0.27882813489696	0.454636350180589	-0.0152686446276146	-0.00104382101882897	0.0131810025899567
DCN	0.00178686649098989	0.00530624322003315	0.0088256199490764	-0.00993470226983203	-0.00443578162774538	0.00106313901434128	-0.015602576977585	0.00626728893963121	0.0281371548568474	-0.0893744935452022	-0.0081113005746876	0.073151892395827	-0.0422298957670523	-0.00861925132009711	0.024991393126858	0.00908151801565005	0.106072254062486	0.203062990109321	0.00517969612475105	0.0130273163837174	0.0208749366426838
TNFRSF21	-0.00200323445223784	0.00135466113405876	0.00471255672035536	-0.0127226117353935	-0.0074760005382803	-0.00222938934116707	-0.0303783141331595	-0.00951191309393835	0.0113544879452828	-0.112803253813634	-0.0352686964153865	0.0422658609828608	-0.0164694770196772	0.0155989951361003	0.0476674672918779	0.0123755529114666	0.104916019465005	0.197456486018543	-0.00418421302395836	0.00330333135088858	0.0107908757257355
TNFRSF4	-0.00107209478963022	0.00502484475387416	0.0111217842973785	-0.0111608517504623	-0.00163456647595442	0.00789171879855351	-0.0805796233084756	-0.0426924459507784	-0.0048052685930811	-0.193098916872707	-0.0523192241036274	0.0884604686654521	-0.0981924196418884	-0.0399656133099005	0.0182611930220874	0.0184924259029007	0.186518386033149	0.354544346163398	-0.0232874777680489	-0.00969232443182017	0.00390282890440857
CCL17	-0.00429407379192134	0.00465989333601433	0.01361386046395	-0.00570614879936311	0.00828415643339211	0.0222744616661473	-0.0854267020274208	-0.0297855827067424	0.025855536613936	-0.173800323104888	0.0329487732803933	0.239697869665675	-0.067096452605963	0.0184154515454811	0.103927355696925	-0.381026843370205	-0.134263871077171	0.112499101215863	-0.00542221968202448	0.0145436263302634	0.0345094723425512
ANGPT2	0.00239965657176348	0.00873684820604209	0.0150740398403207	-0.0109459675129293	-0.00104429554839741	0.00885737641613447	-0.0259455696296205	0.0134345655487621	0.0528147007271448	-0.294711224897023	-0.148384057811529	-0.00205689072603457	0.0158109025578487	0.0763321570897159	0.136853411621583	-0.162400178788956	0.0122469046011829	0.186893987991322	-0.016516537055925	-0.00238566182346968	0.0117452134089857
LAMP3	0.00365772464242	0.0109808519458347	0.0183039792492495	-0.029133192215682	-0.0176910253225904	-0.00624885842949885	-0.116226261518543	-0.0707193935271975	-0.0252125255358518	-0.301121765693686	-0.13202912429101	0.0370635171116669	0.114169113762116	0.184106221092417	0.254043328422718	-0.230097312552219	-0.0282787628466971	0.173539786858825	-0.0191846318574217	-0.00285528532540372	0.0134740612066143
CASP8	-0.0116749420287544	0.00145674685897642	0.0145884357467073	-0.0366636760092072	-0.0161458057584047	0.00437206449239775	-0.132619313814833	-0.0510172867083616	0.0305847403981097	-0.25205432546675	0.051159297362009	0.354372920190768	-0.108760273967186	0.016649581292481	0.142059436552148	-0.298831659962234	0.0630654226229854	0.424962505208205	-0.056399822354842	-0.0271183570034998	0.00216310834784249
ICOSLG	-0.019112915443512	-0.00731515834258507	0.00448259875834183	-0.0356662866963327	-0.0172326448763938	0.00120099694354501	-0.0933512873958002	-0.0200384863557994	0.0532743146842014	-0.239379833083944	0.0330330075193724	0.305445848122689	0.0129467346578068	0.125617315195114	0.238287895732422	-0.0663561289144982	0.258779039332111	0.583914207578721	-0.0298816515776038	-0.00357463054414725	0.0227323904893093
MMP12	0.0108567707331036	0.0192795285952103	0.027702286457317	-0.0242335589575019	-0.0110732522790443	0.00208705439941337	-0.163961405936793	-0.111621290263093	-0.0592811745893922	-0.211312481285787	-0.0168291252290545	0.177654230827678	-0.0233461726043974	0.0570925929957334	0.137531358595864	-0.079915859472202	0.152207481529739	0.38433082253168	-0.0195661178674214	-0.000784779487370809	0.0179965588926798
CXCL13	0.010870551081907	0.0179968595538945	0.0251231680258819	0.00140172120852401	0.0125363645773633	0.0236710079462026	-0.0764011964545946	-0.032117386346702	0.0121664237611905	-0.350593329054149	-0.186045278330418	-0.0214972276066869	-0.0175868096431608	0.0504706444778158	0.118528098598792	-0.178661364536155	0.0177330419764893	0.214127448489134	-0.0174514325175646	-0.0015609589928347	0.0143295145318952
VEGFA	0.00184369952739416	0.00883753815475514	0.0158313767821161	-0.0145649378771577	-0.00363727466962341	0.00729038853791087	-0.0840321030738844	-0.040571477854426	0.00288914736503239	-0.283031608118853	-0.121542315628595	0.0399469768616631	0.0171138465704426	0.083906191215943	0.150698535861443	-0.126636215975447	0.0661074453275981	0.258851106630643	-0.0173415776595663	-0.00174648968643524	0.0138485982866958
CCL20	-0.019370388368459	-0.00418527917932905	0.0109998300098009	-0.0407776252777086	-0.0170513473594175	0.00667493055887355	-0.229901634537234	-0.135539385914069	-0.0411771372909041	-0.47531503010361	-0.124687474908614	0.225940080286383	-0.0342404107609597	0.110779956519467	0.255800323799893	-0.650576943492553	-0.232089515008116	0.18639791347632	-0.0299691115201425	0.0038911369505088	0.0377513854211601
KLRD1	-0.0200574679439323	-0.00806245958860971	0.00393254876671287	-0.0538091354679969	-0.03506729447588	-0.016325453483763	-0.231362462651568	-0.156823916595401	-0.0822853705392339	-0.500797054659044	-0.223829638634077	0.0531377773908907	-0.131603191972215	-0.0170488285129204	0.0975055349463739	-0.34634796582017	-0.0157767372074971	0.314794491405176	-0.0500385626151783	-0.0232917043436882	0.00345515392780191
GZMB	-0.0150369750783663	-0.00132860510018357	0.0123797648779992	-0.0137350157985806	0.0076839013694268	0.0291028185374342	-0.220916222522983	-0.135730623921849	-0.0505450253207155	-0.315318315656142	0.00121100206515623	0.317740319786454	-0.171211552586298	-0.0402942951407535	0.0906229623047915	-0.709375304280857	-0.331585429382258	0.0462044455163407	-0.0637376726494938	-0.0331703051180733	-0.00260293758665278
CD83	-0.00182934115423694	0.00275162571329727	0.00733259258083148	-0.0177852878925392	-0.0106276644813488	-0.00347004107015834	-0.0592174320748447	-0.0307507066068331	-0.00228398113882144	-0.180461719557844	-0.0746861737130644	0.0310893721317154	0.0205427099685199	0.0642917202229096	0.108040730477299	-0.00249662391572897	0.123750544971216	0.249997713858162	-0.011292242433378	-0.00107745408786084	0.00913733425765629
IL12	-0.000140304581309293	0.00831114377221847	0.0167625921257462	-0.0105972631098972	0.00260787160137801	0.0158130063126532	-0.0976307160149633	-0.0451123138863634	0.00740608824223642	-0.296842799404784	-0.101696973507433	0.0934488523899185	-0.202182666001443	-0.121469901343979	-0.040757136686514	-0.170697941702925	0.0622160824496742	0.295130106602273	-0.0329783958028931	-0.0141330824354939	0.00471223093190533
CSF1	0.000348768846799556	0.00325245026202164	0.00615613167724372	-0.00971109410563571	-0.00517417893527577	-0.000637263764915822	-0.0411869676308232	-0.0231431126796987	-0.00509925772857417	-0.122226500661121	-0.0551798496951027	0.0118668012709152	-0.0234461089300212	0.00428454088330303	0.0320151906966272	-0.026604169134919	0.0534185790363086	0.133441327207536	-0.00323612123785584	0.00323860166169452	0.00971332456124487
ARG1	-0.00298825117691921	-0.00111746572434345	0.000753319728232307	-0.00553882416654247	-0.00261577797566739	0.00030726821520768	-0.013421822418872	-0.00179651766815468	0.00982878708256263	-0.0240031209173733	0.0191937320891599	0.0623905850956932	-0.00614916714126847	0.011717151108825	0.0295834693589185	-0.0701031064437929	-0.0185460064227439	0.033011093598305	-0.00711458317774548	-0.00294304516175019	0.00122849285424511
IL4	-0.00266912144065525	0.000326610408941689	0.00332234225853863	-0.00523131653988927	-0.000550575325127828	0.00413016588963361	-0.0261657763986647	-0.00754990804505709	0.0110659603085505	-0.105723050196349	-0.0365509341870769	0.0326211818221953	-0.0455965728168712	-0.016986825748789	0.0116229213192933	-0.0361112901037553	0.0464482820766132	0.129007854256982	-0.00626541000852734	0.000414569932045501	0.00709454987261834
IL5	-0.0290747285995121	-0.00887725572500319	0.0113202171495057	-0.0277181608827646	0.00383978504302295	0.0353977309688105	-0.240483033886566	-0.114973303715621	0.0105364264553238	-0.536051272365278	-0.06968712266422	0.396677027036838	-0.106852552551303	0.0860367377341067	0.278926028019516	0.00491194983425458	0.56153544064115	1.11815893144805	-0.0459151587620267	-0.000878179344080485	0.0441588000738657
CD28	-0.0038220943996416	0.000776351760624479	0.00537479792089056	-0.0113758875727771	-0.00419095329065336	0.00299398099147034	-0.0322528692837651	-0.00367752521143666	0.0248978188608918	-0.187175316670635	-0.0809961700613974	0.0251829765478405	-0.0719582851657802	-0.0280423447023148	0.0158735957611506	-0.144373292128854	-0.0176444102574329	0.109084471613988	-0.0130312545860747	-0.00277749034729133	0.00747627389149208
FGF2	-0.00896099468989794	-0.00131060992024847	0.00633977484940101	-0.0234155070459046	-0.0114620101717103	0.000491486702484095	-0.103096768305513	-0.0555562797449629	-0.00801579118441282	-0.168826112371676	0.00782297685604025	0.184472066083757	0.0159653914122025	0.089027863029156	0.16209033464611	-0.101259828756696	0.109577631105556	0.320415090967809	-0.0014827626162763	0.0155763132171626	0.0326353890506015
NOS3	-0.00430406953728202	0.001371857536931	0.00704778461114403	0.00197654573708714	0.0108450116486218	0.0197134775601565	-0.06325209225758	-0.0279811412836325	0.00728980969031499	-0.196412428087803	-0.065354007057744	0.0657044139723146	-0.108937311357413	-0.054731245486743	-0.000525179616073408	-0.0894887380585464	0.0669345115847904	0.223357761228127	-0.0234314616632331	-0.0107750955719227	0.00188127051938764
ADGRG1	0.0149278870780441	0.026221629654081	0.0375153722301179	-0.00578577021657301	0.0118603640165942	0.0295064982497614	-0.0843177919204535	-0.0141370028610714	0.0560437861983107	-0.553965861459177	-0.293190828555753	-0.0324157956523283	-0.140827137447299	-0.0329699810746682	0.0748871752979622	-0.332105082573223	-0.0208600839535147	0.290384914666194	-0.046107702489091	-0.0209245493734108	0.00425860374226948
MICAB	-0.0252523255173216	-0.003946822205807	0.0173586811057076	-0.0638099248789982	-0.0305207146097747	0.0027684956594489	-0.289295668907017	-0.156900493114541	-0.0245053173220651	-0.684997277962962	-0.193048458545663	0.298900360871637	-0.304099337047469	-0.100628168230196	0.102843000587077	-0.0313849400872571	0.555774834818072	1.1429346097234	-0.0535516143376756	-0.00604391275087508	0.0414637888359255
CD4	0.00255130415280531	0.00904294170367905	0.0155345792545528	-0.0190362209478546	-0.00889323186832268	0.00124975721120923	-0.0594610944529787	-0.0191212122092925	0.0212186700343938	-0.317698028245993	-0.167804670527878	-0.0179113128097622	-0.0992785716509201	-0.0372823324303936	0.024713906790133	-0.101769583771211	0.0771338848494063	0.256037353470024	-0.00830730134139296	0.00616796239996638	0.0206432261413257
IL10	-0.0201064773785533	-0.0077834164366773	0.00453964450519873	-0.068046067636042	-0.0487916543111589	-0.0295372409862758	-0.255762540403193	-0.179185432796478	-0.102608325189763	-0.331229898075354	-0.0466876747199936	0.237854548635366	-0.150897357736009	-0.0332100364562118	0.0844772848235854	-0.57772727962276	-0.238115228079904	0.101496823462952	-0.0431036581601799	-0.0156252976022201	0.0118530629557397
CD8A	-0.00999623003511261	0.00234901691644483	0.0146942638680023	-0.0191181967335444	0.000170881566416805	0.019459959866378	-0.15596485582884	-0.0792498814649327	-0.00253490710102582	-0.580626508501426	-0.295572005238346	-0.010517501975266	-0.319569224862735	-0.201670023429004	-0.0837708219952739	-0.274543556568701	0.0656799206823456	0.405903397933392	-0.0184685134315988	0.00905931820958002	0.0365871498507588
CCL19	-0.0052107358285193	0.0059098520525071	0.0170304399335335	-0.000994712368640537	0.0163808728440681	0.0337564580567767	-0.0525056385227707	0.0165991446826302	0.0857039278880311	-0.336544700650545	-0.0797678482426238	0.177009004165298	-0.029410914396681	0.0767925852814868	0.182996084959655	-0.19616102495029	0.110311991977195	0.41678500890468	-0.00714126855794378	0.0176557786085536	0.0424528257750509
CXCL10	0.00944576930708924	0.0197347543294568	0.0300237393518243	-0.0165436243161658	-0.000467393641935615	0.0156088370322946	-0.130888619934678	-0.0669515253331017	-0.00301443073152574	-0.40008524098591	-0.162510283908017	0.075064673169875	-0.138230051881527	-0.0399685004957356	0.0582930508900556	-0.576076157126307	-0.29252133838271	-0.00896651963911388	-0.0415301175231583	-0.0185874053550059	0.00435530681314647
PTN	0.0489684533529326	0.0584035165930691	0.0678385798332055	-0.0314072833213848	-0.0166652798346812	-0.00192327634797753	-0.102098395322186	-0.043467682025876	0.0151630312704339	-0.318310081912271	-0.100452369083486	0.1174053437453	-0.0693171952878538	0.0207892583014361	0.110895711890726	-0.111920818873242	0.14810071299557	0.408122244864382	-0.0212125601577357	-0.000173950446847351	0.020864659264041
IL12RB1	-0.00413151122627197	0.00205816072926615	0.00824783268480426	-0.0180117348763741	-0.00834055798781566	0.00133061890074275	-0.113601693313334	-0.0751382646550518	-0.03667483599677	-0.274155179824792	-0.131234274996335	0.0116866298321217	-0.123777179764572	-0.0646647631755592	-0.00555234658654665	-0.228034740616427	-0.0574531618096308	0.113128416997166	-0.0204969185230817	-0.00669498744995049	0.00710694362318072
VEGFC	-0.0077309041445011	-0.00124059499949963	0.00524971414550184	0.00407407318635583	0.0142149866715327	0.0243559001567096	-0.00572690329711252	0.0346047240592608	0.0749363514156341	-0.21235604387737	-0.0624933593468821	0.0873693251836059	-0.0420444759408436	0.0199390767783814	0.0819226294976063	-0.268226980384323	-0.0893601213889996	0.0895067376063234	-0.0202911550771137	-0.00581885345820897	0.00865344816069576
MCP3	-0.0195325939288273	0.00100191720015332	0.0215364283291339	-0.0264373795980384	0.00564717849728278	0.0377317365926039	-0.25821942878047	-0.130615298946812	-0.00301116911315355	-0.0524561289365143	0.421690309169635	0.895836747275785	-0.101307230423097	0.0948008323348893	0.290908895092876	-0.604188985458302	-0.038277035104752	0.527634915248798	-0.0707459341430401	-0.0249574159051625	0.020831102332715
CXCL5	-0.00713494947185086	-0.00288150824150411	0.00137193298884265	-0.00566688424612842	0.000978990174884373	0.00762486459589717	-0.0137464124543625	0.0126850259951754	0.0391164644447132	-0.0195608213900008	0.0786520845026786	0.176864990395358	-0.0478018435613873	-0.00718075867171471	0.0334403262179579	-0.132578000256649	-0.0153571320674571	0.101863736121735	-0.0084710022519408	0.00101345881587626	0.0104979198836933
CXCL11	0.000357372358959777	0.0145805950210859	0.0288038176832119	-0.0375112417587097	-0.0152878827052951	0.00693547634811938	-0.110984575750531	-0.0225996154351376	0.0657853448802563	-0.473354699664833	-0.144937318735808	0.183480062193218	-0.112006887291356	0.0238273005753556	0.159661488442067	-0.273882158748478	0.118096575319205	0.510075309386889	-0.054878514980026	-0.0231631122526136	0.00855229047479888
PDL2	-0.0177652379024946	-0.00506882069726783	0.00762759650795896	-0.0429327900863181	-0.0230950187916987	-0.00325724749707932	-0.087416313107257	-0.00851912099482531	0.0703780711176064	-0.414389123963743	-0.121226021284767	0.171937081394209	0.00153035961582652	0.122783296510448	0.24403623340507	-0.00399240778500626	0.34590899371327	0.695810395211546	-0.0298320850231015	-0.00152120257230079	0.0267896798784999
LAPTGFbeta1	-0.00226054551258111	0.00272871797429301	0.00771798146116712	-0.00420698851278651	0.00358858612699912	0.0113841607667848	-0.0378324376201844	-0.00682850371815438	0.0241754301838756	-0.155124525976414	-0.0399213202017332	0.0752818855729477	-0.0299602394925728	0.0176880727002196	0.0653363848930119	-0.166574009491815	-0.0290745670677944	0.108424875356226	-0.00502810302554992	0.00609711835066761	0.0172223397268851
