Analyte	Fstat	Fstat.pval	Fstat.pval.adj	Age.est	Age.se	Age.pval	Age.pval.adj	BMI.est	BMI.se	BMI.pval	BMI.pval.adj	Education.est	Education.se	Education.pval	Education.pval.adj	Aspirin.est	Aspirin.se	Aspirin.pval	Aspirin.pval.adj	Smoking.est	Smoking.se	Smoking.pval	Smoking.pval.adj	Diabetes.est	Diabetes.se	Diabetes.pval	Diabetes.pval.adj	PSA.est	PSA.se	PSA.pval	PSA.pval.adj
IL8	2.81952099218405	0.00680385475450396	0.0136077095090079	-0.0179337660222916	0.0123470967303527	0.14693351401511	0.205706919621154	-0.040303424898127	0.0192919685238797	0.0371484805504461	0.130019681926561	-0.11501093968695	0.0767264691305498	0.13444603532964	0.205706919621154	0.429934172784737	0.285097215067688	0.132113677576211	0.205706919621154	0.250441392461828	0.117916867134842	0.0341193356438731	0.130019681926561	-0.241741811481784	0.340274455427209	0.477733185097086	0.477733185097086	-0.0266202282897214	0.0275319563378697	0.334020527334971	0.389690615224132
TNFRSF9	5.44003658818283	4.6885394314744e-06	2.74614452414929e-05	0.00479390134734027	0.00395237688581588	0.225675146838003	0.263287671311004	-0.0195590704920281	0.00617547040740576	0.00162316408742401	0.00568107430598403	-0.0907326934054313	0.0245605853541562	0.000242261563762875	0.00169583094634013	-0.138596697212303	0.0912612630849471	0.129409307415329	0.263287671311004	-0.0366070419119973	0.0377458693561444	0.332551875195562	0.332551875195562	0.144030247844673	0.108923816005908	0.186609137220531	0.263287671311004	-0.0110387061234242	0.00881313803783407	0.210902047232326	0.263287671311004
TIE2	1.90009405106891	0.0673069936527	0.0904782537626459	-0.00398048425256989	0.00242671785371187	0.101511587841633	0.236860371630477	-0.00737340736055512	0.00379167390298796	0.0523214517833784	0.236860371630477	0.00508732690804454	0.0150799411843645	0.735974496777553	0.759845082804589	-0.0396059597587976	0.0560334560389022	0.479969044538631	0.671956662354083	0.0337386181768819	0.0231755669352172	0.146014733567272	0.255525783742726	0.116063226090881	0.0668780778332579	0.0832140889895564	0.236860371630477	-0.00165492116748318	0.00541117409637524	0.759845082804589	0.759845082804589
CD40L	0.8507585057631	0.545571990411642	0.573550041201983	0.0048975949163114	0.00426617737368847	0.251458233346213	0.607258413247008	0.00627388982628153	0.00666577426320483	0.347004807569719	0.607258413247008	0.0147082429994116	0.0265105825050427	0.579249346474173	0.810949085063842	-0.0295879728714215	0.0985069862807029	0.764011231856401	0.837940827726368	0.00833692158071863	0.0407427172179059	0.837940827726368	0.837940827726368	0.139537817462585	0.117571864405913	0.235799707607101	0.607258413247008	0.0106450520323263	0.00951286053289413	0.263614386598967	0.607258413247008
CD244	5.11781693087214	1.17996592226e-05	5.99905356020039e-05	-0.00591258258548887	0.0031635920586644	0.0621539892728854	0.108769481227549	-0.0139823339560958	0.00494301775964186	0.00484171697034493	0.0169460093962072	-0.0715812372280063	0.0196589735815435	0.000296686883069212	0.00207680818148449	-0.0977517977958112	0.0730480456444686	0.181381181719859	0.253933654407802	-0.0171349396158815	0.0302128405241476	0.570846486816574	0.66598756795267	0.0159571329744818	0.0871856427843115	0.854845056512569	0.854845056512569	-0.0134208333897512	0.00705428007345751	0.0576191261667089	0.108769481227549
EGF	0.85473842938367	0.542329490123258	0.573550041201983	0.00190511061814844	0.0043667638182334	0.662805841211874	0.755642540851413	0.00778336951979112	0.00682293756762113	0.254457023765526	0.533440836659124	0.0278707310329691	0.0271356397878091	0.304823335233785	0.533440836659124	0.0505478160214674	0.100829549701043	0.616344020419015	0.755642540851413	0.0592512965183803	0.0417033348170063	0.155939049680119	0.533440836659124	0.0374703988888315	0.120343932883902	0.755642540851413	0.755642540851413	-0.0122954591216339	0.00973715144596237	0.207211224618489	0.533440836659124
ANG1	2.94962186229938	0.00483304003045937	0.0104291916446755	-0.000647565329114255	0.00198782160811304	0.744723288185904	0.744723288185904	0.00795455658769609	0.00310591167561941	0.0106958917731293	0.0748712424119052	0.0207713112238191	0.0123525826826148	0.0932184099539557	0.163132217419422	-0.0150055147850889	0.0458992439195227	0.74384878231346	0.744723288185904	0.0176360809219504	0.018984033378099	0.353293125576175	0.494610375806646	0.102374885550873	0.0547825071722574	0.0621811192903183	0.145089278344076	0.00939039220817389	0.00443250902760836	0.0345717162975551	0.121001007041443
IL7	3.1648325523553	0.00272595812348442	0.00677359291290067	0.000648044274764835	0.00342385659576152	0.849947527735493	0.849947527735493	0.00904589354957629	0.00534967329715106	0.0914096450351783	0.213289171748749	-0.0128680612723283	0.0212762913532808	0.545552745606442	0.740008900481696	-0.216376085027011	0.0790576118062743	0.00639901665236284	0.0223965582832699	-0.0155629437651656	0.0326984109793743	0.634293343270025	0.740008900481696	0.0498539417138277	0.0943582903760346	0.597468415119008	0.740008900481696	0.0252329301600785	0.00763462637090237	0.00101049765544995	0.00707348358814962
PGF	6.29441289026533	3.99097647152402e-07	3.63622300738855e-06	0.0109875395120837	0.00220096234872521	7.99384406342364e-07	5.59569084439655e-06	-0.000454029370284539	0.00343893769370657	0.89501127599468	0.946124059297055	-0.0235876948559542	0.0136770670381023	0.085150386842913	0.198684235966797	-0.0383613065408595	0.0508207111189021	0.450665800105495	0.788665150184617	0.00142103373754539	0.0210195635873994	0.946124059297055	0.946124059297055	0.183231929344861	0.06065646693989	0.00263643237345309	0.00922751330708581	0.00239849324027915	0.00490777715683018	0.625237093838928	0.8753319313745
IL6	3.8287159697411	0.000446238705874791	0.00135524347710122	-0.00903783312505902	0.0104129267411062	0.385798323531427	0.474195270775732	-0.0571409536204093	0.0162698858944752	0.000480627349922314	0.0033643914494562	-0.1129617107249	0.064707284603685	0.0814075469188937	0.284926414216128	0.184126063827579	0.240436798984115	0.444120199391439	0.474195270775732	0.135583709812613	0.0994452158131578	0.173305976178257	0.303285458311949	-0.205515371473958	0.286970536767806	0.474195270775732	0.474195270775732	-0.0351656430344501	0.0232190814283336	0.130461528989073	0.303285458311949
MCP1	1.95318798318715	0.0594242589979164	0.0854875304882306	0.0037203114320333	0.003386140902721	0.272378125478958	0.476661719588177	-0.00639441583010138	0.00529074365734308	0.227326789347487	0.476661719588177	-0.0391271876687823	0.0210419211186412	0.0634841763917569	0.389576363856685	0.124697691877924	0.0781867480489858	0.111307532530481	0.389576363856685	0.0295435724863643	0.0323382197164174	0.36133179400292	0.505864511604088	-0.0336240822108404	0.0933188810970197	0.718748812984449	0.777442158457505	0.00213521869027949	0.00755052669656423	0.777442158457505	0.777442158457505
CRTAM	6.81259709664476	8.88859018610688e-08	1.04123485037252e-06	0.00577900618275971	0.00430883984825786	0.18040190621825	0.217335573891924	-0.0286718048372987	0.00673243310086667	2.4122071657422e-05	0.000168854501601954	-0.0977855779978292	0.0267756926851577	0.000284675181705771	0.000996363135970197	-0.139017971325437	0.0994920723258887	0.162885667950032	0.217335573891924	-0.0544527499432444	0.0411501510831543	0.186287634764506	0.217335573891924	0.0286012471908446	0.118747602364262	0.809754055427773	0.809754055427773	-0.0140372740274017	0.00960799070096211	0.144578301768378	0.217335573891924
MCP4	5.72833265200983	2.04640635448339e-06	1.39837767556365e-05	0.0149639062967718	0.00450848657974643	0.000962147188586074	0.00336751516005126	0.0343006145194306	0.00704437513419542	1.4609540482632e-06	1.02266783378424e-05	0.00455421053731121	0.0280163235083468	0.870927189447674	0.876157683485751	-0.0165579561482355	0.10410195984745	0.873682949153552	0.876157683485751	-0.0655036010785657	0.0430568112175137	0.128743594087074	0.300401719536505	0.0193721879479532	0.124249679841965	0.876157683485751	0.876157683485751	0.00446006563398255	0.0100531694514314	0.657469276801661	0.876157683485751
TRAIL	1.62397517849208	0.125903549514668	0.156425622124285	0.00240536765516531	0.00273619963600721	0.379730499451055	0.740364461978116	0.010156060906077	0.00427522991078035	0.0178591771034846	0.125014239724392	-0.0101649512629375	0.0170031013356394	0.550196417302563	0.740364461978116	-0.0429772638949437	0.063179459360451	0.49663395162374	0.740364461978116	-0.0501668688527726	0.0261311704265111	0.0553915033152952	0.193870261603533	0.00101224805507137	0.0754071067406211	0.989294496643807	0.989294496643807	-0.00290131167748394	0.00610126660181218	0.634598110266956	0.740364461978116
CXCL9	10.2780223294369	3.79341003053923e-12	7.77649056260543e-11	0.0270872964500105	0.00615304190860002	1.28413934513166e-05	8.9889754159216e-05	-0.0336884422168199	0.00961394353824207	0.000494876941180569	0.00115471286275466	-0.158734663121486	0.0382358047700897	3.82017080379844e-05	0.000133705978132945	-0.316779654327997	0.14207510888161	0.0261669427674576	0.0457921498430508	-0.0292431213662807	0.0587625934303971	0.618927803476571	0.722082437389333	0.0422097507995454	0.169572088920523	0.803514865387691	0.803514865387691	-0.0196915633181457	0.0137202522076474	0.151785037326315	0.21249905225684
CAIX	3.72106044054139	0.000600661599269969	0.00169842245310819	-0.00185343538149658	0.00450422995314542	0.680872932856166	0.680872932856166	-0.0271495019411829	0.00703772428272824	0.000127809788128246	0.000894668516897724	-0.0524338958879973	0.0279898722755886	0.0615471691925438	0.215415092173903	0.0810034983122793	0.104003673390639	0.436396898344645	0.610955657682503	0.0448321928235956	0.0430161597117941	0.297762199424293	0.521083848992513	0.0604869634810821	0.124132371187935	0.626252761126465	0.680872932856166	0.01057700778958	0.0100436778875209	0.292750479659565	0.521083848992513
ADA	2.65155176819672	0.010525364883841	0.0187626069668471	-0.003530434798086	0.00276791791386946	0.202668752435577	0.35467031676226	-0.0118606931381769	0.00432478876915115	0.00629333420496286	0.04405333943474	-0.0354384442700654	0.0172002028503047	0.0398281024026703	0.139398358409346	0.0383983039323082	0.0639118414647428	0.548216432747348	0.725159813151599	-0.0100819799277175	0.0264340853576976	0.703051087982915	0.725159813151599	0.0268317950722027	0.0762812328580697	0.725159813151599	0.725159813151599	-0.0099280724072546	0.00617199304546829	0.1082763710966	0.252644865892066
Gal9	4.86358065562718	2.43614667759795e-05	0.000110980015312796	0.00837903006596498	0.00231756565705487	0.000326982172386276	0.00228887520670394	-0.00224741576767744	0.00362112686766405	0.535089995650152	0.660408401850389	-0.0401392859693536	0.0144016552010088	0.00549882662541509	0.0192458931889528	-0.0858711429834975	0.0535131074934071	0.109131148531754	0.190979509930569	0.0127088358784405	0.022133144951186	0.56606434444319	0.660408401850389	-0.00217063692145187	0.0638699452262751	0.972901055063072	0.972901055063072	-0.0130049456857833	0.00516778299171535	0.0121305805799088	0.0283046880197872
VEGFR2	5.09940308338652	1.2437062258952e-05	5.99905356020039e-05	-0.0012597476618649	0.00164548376894631	0.444250597414676	0.519756378216469	0.003073521382401	0.00257101906386055	0.232419564459585	0.406734237804274	0.0439636985510658	0.0102252507095466	2.02031882072727e-05	0.000141422317450909	0.0290077495589891	0.0379945869228056	0.445505467042688	0.519756378216469	0.0363851113598766	0.0157146489731791	0.0209548781287674	0.0539283368054743	0.103296464551262	0.04534799602048	0.0231121443452033	0.0539283368054743	-0.00221700365724621	0.00366915302201644	0.5459378912315	0.5459378912315
CD40	2.91659329327137	0.0052730977841885	0.011087026110345	0.00566133725827378	0.00244633385673556	0.0210183112275473	0.0735640892964155	-0.00148917432693624	0.00382232331970202	0.696981551655135	0.935333013283408	-0.0404280717380361	0.0152018375850594	0.00805241038989792	0.0563668727292855	0.00882587416039363	0.0564863939201667	0.875894220274544	0.935333013283408	0.018276244208653	0.0233629030898434	0.434384070129687	0.760172122726953	0.112619452891732	0.0674186765579878	0.0953913517546887	0.22257982076094	0.000442794959385399	0.00545491449548009	0.935333013283408	0.935333013283408
IL18	3.7080197891877	0.000622624502495284	0.00170184030682044	-0.00491224458853683	0.0048039011419467	0.30696224076774	0.429747137074836	-0.0186723009006131	0.00750595153226908	0.0131493095591309	0.0460225834569581	-0.0838612015222591	0.0298520681196006	0.0051401630312563	0.0359811412187941	-0.205991422067543	0.110923147922108	0.063828712829322	0.148933663268418	0.0184629326849678	0.0458780703719053	0.687518170693104	0.687518170693104	0.0688341341887601	0.132391029300324	0.603318213154513	0.687518170693104	-0.014020584708726	0.0107118944137195	0.191113768430427	0.334449094753247
GZMH	2.88170903772478	0.00578013257667453	0.0118492717821828	-0.00390996157450835	0.00772026479796618	0.612737784553614	0.714860748645883	-0.00979086751033309	0.0120626823237114	0.417329479561186	0.696195420198981	-0.131047367428888	0.0479747321687907	0.0065024320325146	0.0455170242276022	-0.044649773628352	0.178262634654389	0.802314658441792	0.802314658441792	0.0500785087052877	0.0737298377350258	0.497282442999272	0.696195420198981	-0.504368270963324	0.212763288184489	0.0180999905765214	0.0633499670178247	-0.0223524995517476	0.0172148965847071	0.194672762790678	0.454236446511581
CXCL1	1.05802497184937	0.389399360621946	0.425743300946661	-0.00451232786014435	0.00310128629142216	0.146235464677575	0.370989077299744	-0.000518032507838565	0.0048456668660072	0.914901707885282	0.914901707885282	-0.00535751944569923	0.0192717974192952	0.781116936533153	0.911303092622011	0.0894783545959376	0.0716093915939378	0.211993758456997	0.370989077299744	0.022284533273874	0.0296178098834969	0.452125929738549	0.632976301633968	-0.110268068083974	0.0854685540239871	0.197529668624221	0.370989077299744	0.0109062024289877	0.00691534865494081	0.115339039722053	0.370989077299744
TNFSF14	1.66341390252417	0.115409915668302	0.147868954450012	-0.00187894561620189	0.00479712301981067	0.695442898589696	0.853361861904145	0.00257364650886217	0.00749536091961293	0.731453024489267	0.853361861904145	-0.0231939286848311	0.0298099479847875	0.436863407962218	0.764510963933882	0.138509797959321	0.110766639571475	0.211653872328283	0.493859035432659	0.118411098345261	0.0458133381563252	0.0100007540928063	0.0700052786496438	-0.0198010967874166	0.132204230584073	0.880995011285913	0.880995011285913	-0.0158716850811426	0.010696780337368	0.138431499999599	0.484510249998597
TWEAK	1.81422849148952	0.0821093343856196	0.106872466978108	0.000144611834525374	0.00219400518251258	0.947471289432658	0.947471289432658	0.00170270048311716	0.00342806733004776	0.619600469550017	0.867440657370023	-0.0171328547074551	0.01363383430005	0.209408939082906	0.683660734321892	-0.051557525367792	0.0506600686006405	0.30925434024333	0.683660734321892	-0.0645510502062167	0.0209531214705321	0.00216664951704072	0.015166546619285	0.0519442627979161	0.06046473393609	0.390663276755367	0.683660734321892	0.000473762245629563	0.00489226384219561	0.922888972923669	0.947471289432658
PDGFsubunitB	1.64021697214377	0.121484063789825	0.153256818934856	-0.000981311768898552	0.000818844226814871	0.231265859606637	0.48465142963405	0.000987829151813802	0.00127941955867562	0.440387020580039	0.513784857343379	0.0111436575988424	0.00508840480183437	0.0289367054714124	0.202556938299886	0.000678463570245095	0.0189072956774759	0.971387932472137	0.971387932472137	0.00851041817547235	0.0078201011951336	0.2769436740766	0.48465142963405	0.0246192817362949	0.0225665822050448	0.275760494972229	0.48465142963405	0.00155619817788733	0.00182588538767685	0.39441445722898	0.513784857343379
PDCD1	1.88350122836175	0.0699611300265537	0.0925292364867323	0.00209538346337775	0.00376702740420306	0.578267577829114	0.773801529648337	-0.0124655666771321	0.00588586739843267	0.0346266924431639	0.124656332751336	-0.0493081478866845	0.023408799506041	0.0356160950718104	0.124656332751336	-0.0378935761083086	0.0869815022491748	0.663258453984289	0.773801529648337	-0.0494267242947197	0.0359757503820925	0.170027469913659	0.39673076313187	0.0213023676852841	0.103815757383149	0.837495408806443	0.837495408806443	-0.00495391685434536	0.00839983975837163	0.5555881032091	0.773801529648337
FASLG	1.90244096503439	0.0669391477018098	0.0904782537626459	0.000766198597780987	0.00330905815912653	0.816975673157731	0.953138285350687	-0.00922363780346572	0.00517030418111357	0.0749727828742161	0.262404740059756	-0.0419509208983885	0.0205629188984383	0.0418082063201297	0.262404740059756	-0.00229100763229285	0.0764068903214169	0.976090290045525	0.976090290045525	-0.011169842327482	0.0316020664462747	0.723882421760646	0.953138285350687	-0.101430109071199	0.0911945526680569	0.266514490916246	0.46640035910343	-0.0105750758741742	0.0073786450974002	0.152360661686545	0.355508210601939
MCP2	0.555067300256764	0.79243371111793	0.79243371111793	0.00604891697218293	0.00379930411562462	0.111925885884354	0.783481201190479	0.00547084048339299	0.00593629879250026	0.357140149039602	0.878028224940938	0.011497762691996	0.0236093711996631	0.626449605764556	0.878028224940938	-0.0315611003022508	0.0877267787087987	0.719158349971397	0.878028224940938	-0.00557103285496366	0.0362839984484488	0.878028224940938	0.878028224940938	-0.028311190305391	0.104705273407993	0.786960713541204	0.878028224940938	0.00175926127725192	0.00847181141527167	0.835569764166511	0.878028224940938
CCL4	3.13833707935858	0.00292633920814822	0.00685845995757422	-0.00829223835505295	0.00689901606611463	0.229894651854233	0.268210427163272	-0.0238527832009439	0.0107795057979935	0.0273161269474637	0.0956064443161229	-0.0796207602887313	0.0428713854591135	0.0638093049374744	0.14888837818744	0.368166594521335	0.15929981841977	0.0211878186068543	0.0956064443161229	0.079955299828991	0.0658867731091258	0.225442264382339	0.268210427163272	-0.179505680865525	0.190130440066105	0.345517660988009	0.345517660988009	-0.0223386241335407	0.015383649553793	0.147035349466242	0.257311861565923
Gal1	4.39251553529025	9.24398418227224e-05	0.000379003351473162	0.0041271519270694	0.00148275907344451	0.00556110089204706	0.0194638531221647	0.00987956999186412	0.00231676660498402	2.35416017186257e-05	0.00016479121203038	0.00727105311946638	0.00921405823257312	0.430373513973883	0.753153649454296	0.00245162415009004	0.0342372374402951	0.942940366262725	0.942940366262725	-0.00589523428639669	0.0141606005423546	0.677341462847369	0.864780604172778	0.0644714223932882	0.0408634553745553	0.115194795435731	0.268787856016706	-0.00109232076194096	0.00330630422367221	0.741240517862381	0.864780604172778
PDL1	1.91237876804445	0.0654019320980557	0.0904782537626459	0.000457335768577645	0.0034007127445973	0.893069675855481	0.971977903647459	-0.011449637348455	0.00531351172346841	0.0316034675500197	0.110612136425069	-0.000742668489676448	0.0211324724442131	0.971977903647459	0.971977903647459	-0.107559507106373	0.0785232151252602	0.171306615522021	0.399715436218049	-0.00478273857747504	0.0324773832768853	0.882977101347154	0.971977903647459	0.241748524092192	0.0937204674510684	0.0101501268811047	0.0710508881677328	0.000635601055006053	0.00758301946171075	0.933230408073456	0.971977903647459
CD27	10.3364888195007	3.20343751525343e-12	7.77649056260543e-11	0.00484699071210683	0.00276389425833203	0.0800340676757255	0.105088536891051	-0.0212108984132005	0.00431850192798727	1.18825548901772e-06	8.31778842312404e-06	-0.0589279552273601	0.0171751993301148	0.00064589079006936	0.00226061776524276	-0.136180363203704	0.0638189343617078	0.0332900214609712	0.0582575375566995	0.0448183465913852	0.0263956587651339	0.0900758887637578	0.105088536891051	0.249615644896287	0.0761703446689898	0.00111409306982306	0.00259955049625381	-0.000294061168834106	0.00616302096798366	0.961961405409209	0.961961405409209
HGF	2.08077976465769	0.0438434570309896	0.0653666086643845	0.00631206692352823	0.00277310975448604	0.0232139131711314	0.16249739219792	0.00558259293734273	0.00433290086448365	0.198134022495438	0.287108298861128	-0.022726660636595	0.0172324656249066	0.187767560133431	0.287108298861128	-0.0812369958382004	0.0640317222215871	0.205077356329377	0.287108298861128	0.0492901335393973	0.0264836683158246	0.0632483786696602	0.221369325343811	0.064741329959251	0.0764243151370098	0.397285846530731	0.463500154285853	-0.00216382791895819	0.00618356997989188	0.726521901581311	0.726521901581311
GZMA	4.30256332385723	0.000119046486682262	0.000434198461975373	0.00532162984698606	0.00365877221410625	0.146374103726112	0.202588978746009	-0.00768549699207086	0.00571672190897035	0.179368956633997	0.202588978746009	-0.080338511879402	0.0227360876384191	0.000444041602195914	0.0031082912153714	-0.107774330486243	0.0844818657850536	0.202588978746009	0.202588978746009	-0.052073408358801	0.0349418949627921	0.136714140330987	0.202588978746009	-0.129312241499984	0.100832345439287	0.200218023656399	0.202588978746009	-0.0179318252876858	0.00815844882800287	0.0283630002703225	0.0992705009461289
HO1	1.23384114239762	0.281957801719786	0.3211186075142	0.00575085331577058	0.00695724631951678	0.40881765643809	0.688485197557781	-0.0125939024109157	0.0108704888234209	0.247139085538752	0.688485197557781	-0.0297419609800435	0.0432332358469169	0.491775141112701	0.688485197557781	0.054813584271337	0.1606443679475	0.733073378560796	0.855252274987595	-0.156483112789581	0.06644288190163	0.0188603649905509	0.132022554933856	-0.165008652581404	0.191735211470956	0.389824187559854	0.688485197557781	0.000587030100777032	0.0155134932595016	0.969828810172414	0.969828810172414
CX3CL1	4.2944581692001	0.000121787373480897	0.000434198461975373	0.00746820073193803	0.00248968293087094	0.00282343406389446	0.00700285066588217	-0.0122621583333416	0.00389005494860415	0.00170756744980464	0.00700285066588217	0.0109252140826417	0.0154712143844093	0.480380906971734	0.672533269760427	-0.0575371947664402	0.0574873337023405	0.317324768734414	0.555318345285225	0.00720573690440741	0.0237768940973548	0.761959925940659	0.888953246930769	0.204516080982042	0.0686133365591868	0.0030012217139495	0.00700285066588217	-0.000393785954306869	0.00555157566550626	0.943477061715883	0.943477061715883
CD70	2.2288038329138	0.0305766175164995	0.0473072195538295	0.00798981394326869	0.00253650075006239	0.00172051338545035	0.0120435936981524	0.00329864155079406	0.0039632063876771	0.40558645833626	0.427613637711384	-0.012512958163845	0.0157621464178582	0.427613637711384	0.427613637711384	-0.084081471524776	0.0585683675808727	0.151672991151437	0.427613637711384	0.0223606367306656	0.0242240122082521	0.35636586631663	0.427613637711384	0.0854327737235384	0.0699035919348087	0.222166379520526	0.427613637711384	-0.00499887159759726	0.00565597155564654	0.377172990607617	0.427613637711384
TNFRSF12A	6.22287311052236	4.90876671199736e-07	4.01478848923518e-06	0.0108088691850613	0.00262032605139663	4.27222645717977e-05	0.000299055852002584	-0.00579217481320959	0.00409418090825969	0.157704425818269	0.275982745181971	-0.0412461332464548	0.0162830477710784	0.011579551710822	0.0405284309878769	-0.0666351147136061	0.0605039124692392	0.271225443966796	0.351771411609438	0.0233213461104661	0.025024558047961	0.351771411609438	0.351771411609438	0.149859630337929	0.0722137389584739	0.0384234473447734	0.089654710471138	0.00586866467813307	0.00584288792851901	0.315615591510372	0.351771411609438
CCL23	4.35684247672683	0.000102201562510285	0.000399072767897302	0.00860495215035174	0.00332433736423939	0.00989158420502326	0.0346205447175814	-0.014731979285246	0.00519417748109206	0.0047304033554985	0.0331128234884895	-0.0401848406341487	0.0206578658714015	0.0522460343506406	0.121907413484828	-0.0969015164200103	0.0767596905724601	0.207331839124439	0.241887145645179	-0.0459191380913859	0.03174798544558	0.148636638732707	0.20809129422579	0.162219517842969	0.0916156332923268	0.077164281988412	0.135037493479721	0.00501456505469935	0.0074127151640103	0.499015260833462	0.499015260833462
CD5	2.62593533465045	0.011243180281584	0.019615761342338	-9.94574040129546e-05	0.00265282356805426	0.970106805705616	0.970106805705616	-0.00273769615622848	0.00414495730388977	0.509213033662819	0.594081872606622	-0.0453328234196413	0.0164849915772301	0.00615383908121475	0.0430768735685033	-0.126360052353973	0.0612542873709706	0.039586453916518	0.138552588707813	-0.0205623121116282	0.0253349148417577	0.417356043634482	0.584298461088275	0.133426418789897	0.0731093401694231	0.0685316275238777	0.159907130889048	-0.00700845624801347	0.00591535194408857	0.236604426660996	0.414057746656743
CCL3	3.13820268086015	0.00292739144530607	0.00685845995757422	-0.0242641988786673	0.0121573333151592	0.0464359786757168	0.138917111816346	-0.0358646603111325	0.0189954688759991	0.0595359050641484	0.138917111816346	-0.0571750758371249	0.0755472545235918	0.449481869928585	0.449481869928585	0.835212006183023	0.280715535521887	0.00305378974614902	0.0213765282230431	0.166352367004151	0.116104594346744	0.15248064447656	0.223612994401327	-0.268732522548295	0.335044752916962	0.422848431289842	0.449481869928585	-0.0381659493587987	0.0271088157262966	0.159723567429519	0.223612994401327
MMP7	6.1908141370349	5.38569187580329e-07	4.01478848923518e-06	0.00910502321449277	0.00177774516721631	4.17711317100192e-07	2.92397921970134e-06	0.0040155796130739	0.002777673533982	0.148833159543657	0.347277372268534	0.00984218629506197	0.0110471402851406	0.373352765284591	0.522693871398428	0.0116002572993701	0.0410485320834556	0.777589355654421	0.866653309511545	-0.00285206723288133	0.0169777677506107	0.866653309511545	0.866653309511545	0.135995315570196	0.0489929966431553	0.00569119365615907	0.0199191777965568	0.00472668683952255	0.00396407377317601	0.233618645160909	0.40883262903159
NCR1	2.98785857337894	0.00436812839475054	0.00968071698296065	0.00532950573043644	0.00324775721502804	0.101364995439402	0.177388742018953	-0.00844208333308841	0.00507452329352038	0.0967496679327919	0.177388742018953	-0.0232612766974013	0.0201819868382331	0.249577917563348	0.349409084588687	-0.0100423639129741	0.0749914378612011	0.89351927933233	0.89351927933233	-0.0590149781426412	0.0310166320370072	0.0575957198194456	0.177388742018953	0.27882813489696	0.0895051558952099	0.00193251191810765	0.0135275834267536	-0.00104382101882897	0.00724195426608591	0.885445695508899	0.89351927933233
DCN	4.7125278092478	3.74163635752378e-05	0.000161481148061553	0.00530624322003315	0.00179173858445012	0.00319168751311958	0.0111709062959185	-0.00443578162774538	0.00279953782894232	0.113653515624935	0.198893652343637	0.00626728893963121	0.011134097204558	0.573734839386145	0.717104891887928	-0.0081113005746876	0.0413716432058323	0.844635032600124	0.844635032600124	-0.00861925132009711	0.0171114072576751	0.614661335903938	0.717104891887928	0.106072254062486	0.0493786421542246	0.0321324199873658	0.0749756466371869	0.0130273163837174	0.0039952767483136	0.00117924111087422	0.00825468777611956
TNFRSF21	2.77785113044517	0.00758599212259492	0.0148107465250663	0.00135466113405876	0.00170952743844447	0.428453467319872	0.428453467319872	-0.0074760005382803	0.00267108537767463	0.00530565784134209	0.0371396048893946	-0.00951191309393835	0.0106232264230338	0.370965607363923	0.428453467319872	-0.0352686964153865	0.0394733695237191	0.371984949836412	0.428453467319872	0.0155989951361003	0.0163262768750224	0.339762248224626	0.428453467319872	0.104916019465005	0.04711297974402	0.0263520447729092	0.0922321567051823	0.00330333135088858	0.00381195967129179	0.386549908970781	0.428453467319872
TNFRSF4	2.38168550738744	0.0209138880891366	0.0342987764661841	0.00502484475387416	0.00310399331137426	0.106048381318839	0.247446223077291	-0.00163456647595442	0.00484989650353657	0.73622010154665	0.73622010154665	-0.0426924459507784	0.0192886191942701	0.027277370860498	0.103756778687027	-0.0523192241036274	0.0716718972878942	0.465707275931497	0.543325155253414	-0.0399656133099005	0.0296436623829949	0.17814077025831	0.249397078361635	0.186518386033149	0.085543156965889	0.0296447939105791	0.103756778687027	-0.00969232443182017	0.00692138485573802	0.161965915623669	0.249397078361635
CCL17	1.19715147141087	0.302339288171384	0.339613994932239	0.00465989333601433	0.00455852544986899	0.307111717625513	0.429956404675718	0.00828415643339211	0.00712255936879381	0.245291332808688	0.429956404675718	-0.0297855827067424	0.0283272715723032	0.293492953594413	0.429956404675718	0.0329487732803933	0.105257368509796	0.754374405226495	0.754374405226495	0.0184154515454811	0.0435346909109087	0.672453586412496	0.754374405226495	-0.134263871077171	0.125628704373237	0.285650929849494	0.429956404675718	0.0145436263302634	0.0101647477453006	0.153049976161375	0.429956404675718
ANGPT2	2.4626861662303	0.0170535080192342	0.0285385236240246	0.00873684820604209	0.00322630728176641	0.00697657437637025	0.0473567991374788	-0.00104429554839741	0.00504100841578354	0.835960442644408	0.890496587531277	0.0134345655487621	0.0200486941558971	0.503073304636774	0.880378283114354	-0.148384057811529	0.0744961541220493	0.0468760824753322	0.109377525775775	0.0763321570897159	0.0308117815376793	0.0135305140392797	0.0473567991374788	0.0122469046011829	0.0889140157657567	0.890496587531277	0.890496587531277	-0.00238566182346968	0.00719412450991678	0.740306366821289	0.890496587531277
LAMP3	11.4286351322647	1.37445610448594e-13	5.63527002839237e-12	0.0109808519458347	0.00372825382406143	0.00336090434639735	0.00588158260619537	-0.0176910253225904	0.0058252848417405	0.00250161126115016	0.00583709294268372	-0.0707193935271975	0.0231678554230078	0.00237766592275641	0.00583709294268372	-0.13202912429101	0.0860862116429706	0.125673946123963	0.175943524573548	0.184106221092417	0.035605456117963	3.25467255925223e-07	2.27827079147656e-06	-0.0282787628466971	0.102747193723546	0.783244018114179	0.783244018114179	-0.00285528532540372	0.0083133811730997	0.731384379932098	0.783244018114179
CASP8	1.26910804495357	0.26337097813089	0.304174932489197	0.00145674685897642	0.00668543195872597	0.827587707707835	0.827587707707835	-0.0161458057584047	0.0104457870326085	0.1227496831698	0.429623891094301	-0.0510172867083616	0.0415441459646624	0.219954990125599	0.513228310293064	0.051159297362009	0.154368113782716	0.740458452716022	0.827587707707835	0.016649581292481	0.0638470086719403	0.794363711192444	0.827587707707835	0.0630654226229854	0.184244261524155	0.732259692465085	0.827587707707835	-0.0271183570034998	0.0149073927909678	0.0694287262173194	0.429623891094301
ICOSLG	1.92279480267291	0.0638256686875631	0.0902362902134513	-0.00731515834258507	0.00600631823051453	0.223772704537161	0.391602232940032	-0.0172326448763938	0.00938469218943109	0.0668524608355179	0.233983612924313	-0.0200384863557994	0.0373240447018566	0.591565367229067	0.811826220533374	0.0330330075193724	0.138687226457086	0.811826220533374	0.811826220533374	0.125617315195114	0.0573613574287538	0.0289425964728618	0.202598175310033	0.258779039332111	0.165528521371879	0.118537183939505	0.276586762525512	-0.00357463054414725	0.0133930829963744	0.789643804540179	0.811826220533374
MMP12	8.81599112287254	2.62992960742281e-10	3.59423713014451e-09	0.0192795285952103	0.0042880832064602	8.42294749752715e-06	5.89606324826901e-05	-0.0110732522790443	0.00670000147026015	0.0989495789534998	0.2308823508915	-0.111621290263093	0.0266467082063833	3.25723130276355e-05	0.000114003095596724	-0.0168291252290545	0.0990127968411408	0.865095968529405	0.934616305419823	0.0570925929957334	0.0409519216348498	0.163831081452743	0.277602681731769	0.152207481529739	0.118175568700119	0.198287629808407	0.277602681731769	-0.000784779487370809	0.00956170686856213	0.934616305419823	0.934616305419823
CXCL13	5.57476248652604	3.18369148821773e-06	2.00817463102965e-05	0.0179968595538945	0.0036280520208545	9.34905769409218e-07	6.54434038586453e-06	0.0125363645773633	0.0056687225278848	0.0274059461859264	0.0639472077671617	-0.032117386346702	0.0225451883516725	0.154838153221267	0.216773414509773	-0.186045278330418	0.0837725296768424	0.0267626203976904	0.0639472077671617	0.0504706444778158	0.0346485119088537	0.145776355238427	0.216773414509773	0.0177330419764893	0.0999857256016317	0.859293332753293	0.859293332753293	-0.0015609589928347	0.00808994794574939	0.847067991272862	0.859293332753293
VEGFA	3.41406285629235	0.00139136245874361	0.00368037811667663	0.00883753815475514	0.00356061072366837	0.0133568138033534	0.0486666650052833	-0.00363727466962341	0.00556334752265576	0.513514854872952	0.599100664018444	-0.040571477854426	0.0221260993366853	0.0672387108919095	0.156890325414455	-0.121542315628595	0.0822152950954487	0.139880522616049	0.244790914578087	0.083906191215943	0.0340044360865473	0.0139047614300809	0.0486666650052833	0.0661074453275981	0.0981271064319203	0.500786110707229	0.599100664018444	-0.00174648968643524	0.00793956515617156	0.825972660534059	0.825972660534059
CCL20	2.75872753032782	0.00797345199043975	0.0152051875166525	-0.00418527917932905	0.00773084217404842	0.58846569979468	0.686543316427126	-0.0170513473594175	0.0120792091567718	0.158616944570424	0.370106203997655	-0.135539385914069	0.0480404613630442	0.00495236099238807	0.0346665269467165	-0.124687474908614	0.178506868625308	0.485154062740131	0.679215687836183	0.110779956519467	0.0738308534699281	0.13406188011729	0.370106203997655	-0.232089515008116	0.213054790791526	0.276473359252403	0.483828378691705	0.0038911369505088	0.0172384823606045	0.821498841247423	0.821498841247423
KLRD1	6.64042512052907	1.46467163952835e-07	1.50128843051656e-06	-0.00806245958860971	0.00610674018319023	0.187290900040253	0.262207260056354	-0.03506729447588	0.00954159848023251	0.000260597055427835	0.000912089693997424	-0.156823916595401	0.037948079810698	4.13772019032535e-05	0.000289640413322775	-0.223829638634077	0.141005991723509	0.112993791105353	0.197739134434367	-0.0170488285129204	0.0583204041026146	0.770142659044658	0.898499768885434	-0.0157767372074971	0.168296056607564	0.925346206303639	0.925346206303639	-0.0232917043436882	0.013617007120143	0.0877318186637185	0.197739134434367
GZMB	2.68865154644308	0.00956361604808276	0.0174270336876175	-0.00132860510018357	0.00697902421674104	0.849087513921211	0.990602099574746	0.0076839013694268	0.0109045161350183	0.481320123341265	0.764006096924773	-0.135730623921849	0.0433685665400828	0.00184131295162892	0.0128891906614025	0.00121100206515623	0.161147224447636	0.994006735507761	0.994006735507761	-0.0402942951407535	0.0666508645124049	0.545718640660552	0.764006096924773	-0.331585429382258	0.192335389980947	0.0852624429418527	0.198945700197656	-0.0331703051180733	0.0155620543203407	0.0334854042374983	0.117198914831244
CD83	5.28828574473671	7.24503137439214e-06	3.96061715133437e-05	0.00275162571329727	0.00233220133068277	0.238566385227253	0.278327449431796	-0.0106276644813488	0.00364399466898782	0.00368235186914043	0.0141603918966856	-0.0307507066068331	0.0144926031854086	0.0342928229002195	0.0800165867671789	-0.0746861737130644	0.0538510484590509	0.166025142510838	0.232435199515174	0.0642917202229096	0.0222729181157039	0.00404582625619587	0.0141603918966856	0.123750544971216	0.0642732907237879	0.0546896557860234	0.0957068976255409	-0.00107745408786084	0.00520041809096973	0.835940146074802	0.835940146074802
IL12	2.52973864585056	0.0143834061036934	0.0245716520938095	0.00831114377221847	0.00430268973041136	0.0539129644565383	0.188695375597884	0.00260787160137801	0.00672282372608781	0.69822825586076	0.69822825586076	-0.0451123138863634	0.0267374750508908	0.0921176884060126	0.214941272947363	-0.101696973507433	0.0993500647342526	0.306457113457936	0.42903995884111	-0.121469901343979	0.0410914164150126	0.00324737796028711	0.0227316457220098	0.0622160824496742	0.118578110859762	0.60001099618562	0.69822825586076	-0.0141330824354939	0.00959427696892287	0.141294857402528	0.247266000454424
CSF1	4.13043291279199	0.000192828276173951	0.000608150717163999	0.00325245026202164	0.00147828392046522	0.0282051827698279	0.0658120931295985	-0.00517417893527577	0.00230977431260133	0.0254757894175179	0.0658120931295985	-0.0231431126796987	0.00918624904840467	0.0120363493757944	0.0658120931295985	-0.0551798496951027	0.0341339051607105	0.1065362870967	0.186438502419225	0.00428454088330303	0.0141178620726729	0.761634395075667	0.761634395075667	0.0534185790363086	0.0407401243376129	0.190328441895989	0.266459818654384	0.00323860166169452	0.00329632538256309	0.326285055508384	0.380665898093114
ARG1	1.54845099137036	0.148360174933135	0.181575139470404	-0.00111746572434345	0.000952429573948793	0.241184471776687	0.422072825609201	-0.00261577797566739	0.00148814265921017	0.0793388819082264	0.422072825609201	-0.00179651766815468	0.00591852156831019	0.761590272324175	0.761590272324175	0.0191937320891599	0.021991811112437	0.383165369135501	0.536431516789701	0.011717151108825	0.00909586390868143	0.198215646603066	0.422072825609201	-0.0185460064227439	0.0262480696220266	0.480130845138584	0.560152652661682	-0.00294304516175019	0.0021237583229094	0.166370067608763	0.422072825609201
IL4	0.608003335501409	0.749528876869431	0.758782319793745	0.000326610408941689	0.00152514742150044	0.830508271346122	0.903019869365976	-0.000550575325127828	0.0023829971281858	0.81736591693595	0.903019869365976	-0.00754990804505709	0.00947746495478765	0.426012401389036	0.745521702430814	-0.0365509341870769	0.0352159938431955	0.299762796745094	0.699446525738553	-0.016986825748789	0.0145654164529232	0.244014124471844	0.699446525738553	0.0464482820766132	0.0420316386621885	0.269601606961365	0.699446525738553	0.000414569932045501	0.00340082313555869	0.903019869365976	0.903019869365976
IL5	1.15860865020398	0.324909529538743	0.360034884083472	-0.00887725572500319	0.0102826705532829	0.388331366490535	0.679579891358436	0.00383978504302295	0.0160663645055684	0.811197005733347	0.946396506688904	-0.114973303715621	0.0638978556672843	0.0725067036211563	0.253773462674047	-0.06968712266422	0.237429154579543	0.769243767047602	0.946396506688904	0.0860367377341067	0.0982012471354612	0.381338139013946	0.679579891358436	0.56153544064115	0.283380797872456	0.0480190785027311	0.253773462674047	-0.000878179344080485	0.0229286319603974	0.96946174622782	0.96946174622782
CD28	0.771674872507801	0.611298282587392	0.634512141419824	0.000776351760624479	0.00234110015727275	0.740301976731929	0.80052565380749	-0.00419095329065336	0.00365789881878293	0.252399267167962	0.588931623391912	-0.00367752521143666	0.0145479016542362	0.80052565380749	0.80052565380749	-0.0809961700613974	0.0540565243481268	0.134605050630408	0.588931623391912	-0.0280423447023148	0.0223579034183692	0.210277203683989	0.588931623391912	-0.0176444102574329	0.0645185340743486	0.784586867793829	0.80052565380749	-0.00277749034729133	0.00522026098282394	0.594896438268896	0.80052565380749
FGF2	3.28945327388141	0.00194973897924144	0.0049962061343062	-0.00131060992024847	0.00389486282174654	0.736622570099041	0.859392998448881	-0.0114620101717103	0.00608560640634238	0.0601575401010402	0.128511429821802	-0.0555562797449629	0.0242031854602572	0.0220795926983567	0.0772785744442485	0.00782297685604025	0.0899332505285147	0.930713464581521	0.930713464581521	0.089027863029156	0.0371966002931931	0.0170205537723054	0.0772785744442485	0.109577631105556	0.107338782110248	0.307764209417407	0.43086989318437	0.0155763132171626	0.00868489131430448	0.0734351027553156	0.128511429821802
NOS3	2.3136146714514	0.0247895872603252	0.0398577677518954	0.001371857536931	0.00288965300516641	0.635152211742867	0.635152211742867	0.0108450116486218	0.00451499620016439	0.0166316453404521	0.116421517383165	-0.0279811412836325	0.017956680581749	0.119739055691526	0.209543347460171	-0.065354007057744	0.066722731851586	0.327764182646271	0.45886985570478	-0.054731245486743	0.0275966761188782	0.047828726205153	0.167400541718035	0.0669345115847904	0.0796361382906659	0.400985729510406	0.467816684428807	-0.0107750955719227	0.00644344189628477	0.0950340833030443	0.209543347460171
ADGRG1	3.79333783928248	0.000492084760592926	0.00144110537030785	0.026221629654081	0.00574972101433238	6.27728187833324e-06	4.39409731483327e-05	0.0118603640165942	0.00898376673091969	0.187309715728024	0.327792002524042	-0.0141370028610714	0.0357295161404996	0.692501676317064	0.807918622369909	-0.293190828555753	0.132762339552474	0.0276229873590499	0.0966804557566746	-0.0329699810746682	0.0549108105100325	0.548464894151981	0.767850851812774	-0.0208600839535147	0.158456941719808	0.895312442838383	0.895312442838383	-0.0209245493734108	0.0128209142099277	0.10323022867338	0.240870533571221
MICAB	2.05641288388915	0.0464878090831992	0.0680714347289702	-0.003946822205807	0.0108467763707547	0.716092523147519	0.802765985897454	-0.0305207146097747	0.016947762935699	0.0722632224515375	0.168614185720254	-0.156900493114541	0.0674032827758463	0.0202800343953017	0.141960240767112	-0.193048458545663	0.250454483616558	0.441156121288175	0.617618569803444	-0.100628168230196	0.103588553332334	0.331759219869397	0.580578634771445	0.555774834818072	0.29892702740605	0.0635203555286053	0.168614185720254	-0.00604391275087508	0.0241864933893431	0.802765985897454	0.802765985897454
CD4	3.02968144178481	0.00390946158173056	0.00890488471394182	0.00904294170367905	0.00330493674637888	0.00641341859507036	0.0448939301654925	-0.00889323186832268	0.00516386459723908	0.0855865793197198	0.19970201841268	-0.0191212122092925	0.0205373079021966	0.352231549499482	0.402971574853655	-0.167804670527878	0.0763117259826123	0.028292014488513	0.0990220507097953	-0.0372823324303936	0.0315627062557792	0.238020645489161	0.402971574853655	0.0771338848494063	0.0910809703815547	0.397429764330078	0.402971574853655	0.00616796239996638	0.00736945503772085	0.402971574853655	0.402971574853655
IL10	8.88165034710498	2.17320605955251e-10	3.56405793766612e-09	-0.0077834164366773	0.00627375398202735	0.215263301108828	0.37030288250639	-0.0487916543111589	0.00980255253450008	8.59766560038215e-07	6.01836592026751e-06	-0.179185432796478	0.0389859253350917	5.32664549989812e-06	1.86432592496434e-05	-0.0466876747199936	0.144862377557863	0.747353829484509	0.747353829484509	-0.0332100364562118	0.0599154141974775	0.579607926165072	0.676209247192584	-0.238115228079904	0.172898800935988	0.169004403900002	0.37030288250639	-0.0156252976022201	0.0139894199000722	0.264502058933135	0.37030288250639
CD8A	2.71248042839396	0.00899126024689834	0.0167564395510378	0.00234901691644483	0.00628504903016844	0.708734668924099	0.826857113744783	0.000170881566416805	0.0098202007086395	0.98612291074635	0.98612291074635	-0.0792498814649327	0.0390561142371025	0.0429193733218939	0.100145204417753	-0.295572005238346	0.145123182736555	0.0421519017583276	0.100145204417753	-0.201670023429004	0.0600232838222178	0.000833093194995081	0.00583165236496557	0.0656799206823456	0.173210081914761	0.704689356937361	0.826857113744783	0.00905931820958002	0.0140146059643792	0.518273324256802	0.826857113744783
CCL19	1.37250287410578	0.214384940541657	0.251136644634512	0.0059098520525071	0.00566156678362196	0.297004711742807	0.519758245549912	0.0163808728440681	0.00884602838795105	0.0645858768531261	0.379174775382494	0.0165991446826302	0.0351817142556481	0.637245629268246	0.637245629268246	-0.0797678482426238	0.130726838720105	0.541986202522474	0.632317236276219	0.0767925852814868	0.0540689226608426	0.156086949837343	0.379174775382494	0.110311991977195	0.15602749344515	0.479859409252434	0.632317236276219	0.0176557786085536	0.012624345050074	0.162503475163926	0.379174775382494
CXCL10	4.16652741724707	0.000174315976150474	0.000571756401773555	0.0197347543294568	0.00523819212284695	0.000182440140372772	0.0012770809826094	-0.000467393641935615	0.00818451817159379	0.954480367985318	0.954480367985318	-0.0669515253331017	0.0325508089059917	0.040166768367426	0.100812708886468	-0.162510283908017	0.120951023453309	0.179622576211614	0.251471606696259	-0.0399685004957356	0.0500256228703631	0.424653208247419	0.495428742955322	-0.29252133838271	0.144359683166905	0.0432054466656291	0.100812708886468	-0.0185874053550059	0.0116802905140499	0.112097640269318	0.196170870471306
PTN	26.6264635778742	0	0	0.0584035165930691	0.00480345474656677	2.44430875072685e-30	1.71101612550879e-29	-0.0166652798346812	0.00750525405286911	0.0267869607603108	0.0937543626610877	-0.043467682025876	0.0298492941605002	0.145889205662485	0.340408146545799	-0.100452369083486	0.110912840553306	0.365492195120029	0.511689073168041	0.0207892583014361	0.0458738072203439	0.650592691058959	0.759024806235452	0.14810071299557	0.132378727060524	0.263721700649277	0.461512976136234	-0.000173950446847351	0.010710899026838	0.987048323637106	0.987048323637106
IL12RB1	4.27437627806371	0.000128850525788149	0.000440239296442842	0.00205816072926615	0.0031512040118653	0.513938448277883	0.513938448277883	-0.00834055798781566	0.00492366180786308	0.0908281491564865	0.158949261023851	-0.0751382646550518	0.0195819926433459	0.000138713895274748	0.000970997266923237	-0.131234274996335	0.0727620028831878	0.0718317036961997	0.158949261023851	-0.0646647631755592	0.0300945325769134	0.0320860845077215	0.112301295777025	-0.0574531618096308	0.0868442397832312	0.508522743008199	0.513938448277883	-0.00669498744995049	0.00702665680532955	0.341104758282177	0.477546661595048
VEGFC	2.1672099937852	0.0355567531158942	0.0539935880648764	-0.00124059499949963	0.00330426044593127	0.707466158728778	0.707466158728778	0.0142149866715327	0.00516280789806251	0.00609116715646871	0.042638170095281	0.0346047240592608	0.0205331052830263	0.0924871579589969	0.323705052856489	-0.0624933593468821	0.0762961100545628	0.413084912188195	0.602011026582299	0.0199390767783814	0.0315562474718428	0.527738253844197	0.615694629484896	-0.0893601213889996	0.0910623321727886	0.326866548927176	0.602011026582299	-0.00581885345820897	0.0073679470010705	0.430007876130213	0.602011026582299
MCP3	1.38212084943723	0.210231574760756	0.249840422179449	0.00100191720015332	0.0104542590166575	0.923683498657626	0.923683498657626	0.00564717849728278	0.0163344663360453	0.72968221924373	0.923683498657626	-0.130615298946812	0.0649641287536449	0.0448509021665374	0.284206756478003	0.421690309169635	0.241391170437536	0.0812019304222866	0.284206756478003	0.0948008323348893	0.0998399460522576	0.342763157227303	0.599835525147781	-0.038277035104752	0.288109615683435	0.894355314348657	0.923683498657626	-0.0249574159051625	0.0233112454755323	0.284804535991087	0.599835525147781
CXCL5	0.877247561770866	0.524136477611099	0.565515673211975	-0.00288150824150411	0.00216545580534513	0.183840946214473	0.643443311750655	0.000978990174884373	0.00338345978402142	0.77242417236779	0.833832849080128	0.0126850259951754	0.0134564247475234	0.346255461971012	0.807929411265696	0.0786520845026786	0.0500008571195845	0.116282211410974	0.643443311750655	-0.00718075867171471	0.0206804700782448	0.728553847866615	0.833832849080128	-0.0153571320674571	0.05967793976248	0.797016212486816	0.833832849080128	0.00101345881587626	0.0048286035159818	0.833832849080128	0.833832849080128
CXCL11	1.39780805099942	0.20359943442926	0.245516965047049	0.0145805950210859	0.0072411392132733	0.0445334916332574	0.311734441432802	-0.0152878827052951	0.0113140629599254	0.177169876407878	0.41339637828505	-0.0225996154351376	0.044997383308048	0.615694814445092	0.718310616852608	-0.144937318735808	0.167199518130176	0.386395433322613	0.676192008314573	0.0238273005753556	0.0691541071689692	0.730559768874803	0.730559768874803	0.118096575319205	0.199559034506632	0.554232464737632	0.718310616852608	-0.0231631122526136	0.0161465268321893	0.151973582771952	0.41339637828505
PDL2	2.23843473724069	0.0298601988652121	0.0470872366720652	-0.00506882069726783	0.00646383219027121	0.433266095359941	0.606572533503918	-0.0230950187916987	0.0100995440370856	0.0225847309206702	0.122879734580375	-0.00851912099482531	0.040167096107113	0.832112684690342	0.915983781891369	-0.121226021284767	0.149251325745348	0.41700750707154	0.606572533503918	0.122783296510448	0.0617306933125768	0.047187379027803	0.122879734580375	0.34590899371327	0.178137178848729	0.0526627433915895	0.122879734580375	-0.00152120257230079	0.0144132624473883	0.915983781891369	0.915983781891369
LAPTGFbeta1	0.729529074557648	0.647004216833067	0.663179322253893	0.00272871797429301	0.00254006791135733	0.283166139847562	0.678052910857025	0.00358858612699912	0.00396877997027101	0.366277521629829	0.678052910857025	-0.00682850371815438	0.015784313223299	0.665462877917326	0.678052910857025	-0.0399213202017332	0.0586507341301187	0.49636778183551	0.678052910857025	0.0176880727002196	0.0242580792034049	0.466208430800032	0.678052910857025	-0.0290745670677944	0.0700018995688676	0.678052910857025	0.678052910857025	0.00609711835066761	0.00566392572747878	0.282176602286847	0.678052910857025
