Analyte	Fstat	Fstat.pval	Fstat.pval.adj	Age.est	Age.se	Age.pval	Age.pval.adj	BMI.est	BMI.se	BMI.pval	BMI.pval.adj	Education.est	Education.se	Education.pval	Education.pval.adj	Aspirin.est	Aspirin.se	Aspirin.pval	Aspirin.pval.adj	Smoking.est	Smoking.se	Smoking.pval	Smoking.pval.adj	Diabetes.est	Diabetes.se	Diabetes.pval	Diabetes.pval.adj	PSA.est	PSA.se	PSA.pval	PSA.pval.adj
IL8	1.39911520163136	0.204432665803283	0.299347832069093	0.0464138476896806	0.0191543352801015	0.0158818128725043	0.11117269010753	-0.00780656799109991	0.0271339019498566	0.773738790097209	0.902695255113411	-0.126281714464016	0.13359934404815	0.34518047744437	0.604065835527647	0.184695464322544	0.294946720812698	0.531583199113873	0.744216478759422	-0.229482793735832	0.199991082528114	0.251955675874704	0.587896577040977	-0.420493274082145	0.324546925642333	0.195937170904095	0.587896577040977	0.00059949781088152	0.137437229860499	0.996522087823833	0.996522087823833
TNFRSF9	7.01762165334828	7.47218691365958e-08	4.71322559169297e-07	0.0190896474944823	0.00436310162568678	1.59319045687335e-05	0.000111523331981134	0.00389427133623707	0.00618074028554948	0.529053653530232	0.529053653530232	-0.0203720612584132	0.0304321453437606	0.503655433041023	0.529053653530232	-0.0500176898941818	0.0671849217553244	0.457075801016	0.529053653530232	0.029624203261689	0.0455552962053326	0.5159212984089	0.529053653530232	0.307560034011311	0.0739274528807459	3.98361195300865e-05	0.000139426418355303	-0.0274044733367124	0.031306364447801	0.381962640169645	0.529053653530232
TIE2	0.605795905099072	0.751165135300585	0.779690393603138	0.000247008293888645	0.00200219378311277	0.901884274242265	0.901884274242265	-0.00298199927195733	0.0028362941862061	0.293797089450947	0.697751023257355	0.0117994968619578	0.013965077470427	0.398714870432774	0.697751023257355	-0.0206170733069749	0.0308306439312548	0.504104962433843	0.70574694740738	-0.00857945373565738	0.0209049751014728	0.681756228850328	0.795382266992049	0.0299268096560429	0.0339247396136212	0.378286010134748	0.697751023257355	-0.0179444121488921	0.0143662498943933	0.212456574352707	0.697751023257355
CD40L	0.899069642569165	0.50720925262812	0.577654982159803	0.00370416535637978	0.00598246063990365	0.536197610274181	0.694790657209764	0.0109816309392462	0.00847471332459426	0.195875260512911	0.629997858889601	-0.016385292784956	0.0417269931635429	0.694790657209764	0.694790657209764	0.101772428547545	0.0921205107004511	0.269999082381257	0.629997858889601	-0.0505498989657647	0.0624630801361763	0.418893682111546	0.694790657209764	-0.180565926741288	0.10136552274273	0.0757054817920661	0.529938372544463	-0.0216434243911286	0.0429256774549615	0.614426127171157	0.694790657209764
CD244	1.41567805829797	0.197644404278917	0.294669839106749	0.00206792218836906	0.00273122189609978	0.449462952019422	0.764599915202242	-0.00314233491609387	0.00386903048570215	0.41723018232805	0.764599915202242	0.0115085721555618	0.0190499669360984	0.54614279657303	0.764599915202242	0.000160649216448229	0.0420565334315377	0.996954343898338	0.996954343898338	-0.0649003909665453	0.0285167830487403	0.0234441963569679	0.164109374498776	0.0166368838645998	0.0462772347180879	0.719429515536024	0.839334434792028	0.0169394027293785	0.0195972121216991	0.387958955534757	0.764599915202242
EGF	1.58643001341389	0.138084623851121	0.235894565745665	0.00982587302417367	0.00741818190733685	0.186159992690534	0.361771929551382	0.0118952630973435	0.0105085463722139	0.25840852110813	0.361771929551382	-0.01484656453913	0.0517409882596984	0.774324183078018	0.774324183078018	0.132812150934637	0.114228366370618	0.245729853067305	0.361771929551382	-0.162821111055586	0.0774534959498167	0.0362356524241539	0.253649566969077	-0.204784300659456	0.12569207423151	0.104138846606445	0.361771929551382	-0.0467773346762586	0.05322734289844	0.380087517154674	0.443435436680454
ANG1	2.55094742151239	0.0141924817582475	0.0314536082209809	-0.00311404524456493	0.00201782653724089	0.123649445728315	0.182783620036014	0.000830293920507165	0.00285843944008809	0.771624079257984	0.771624079257984	0.0249878432220977	0.0140741141802183	0.0766736023892712	0.182783620036014	0.0482984691489382	0.0310713638257296	0.120963831809181	0.182783620036014	-0.0409054070509292	0.0210681972324035	0.0529733055090062	0.182783620036014	-0.0518101119091261	0.0341896176277842	0.130559728597153	0.182783620036014	0.0101915215334378	0.0144784188833475	0.481945648473939	0.562269923219595
IL7	0.877016375109549	0.524720550627609	0.589412125362519	-0.00629121986454294	0.00421777044771568	0.136685067310314	0.6464777388037	-0.000578601313465301	0.00597486512070251	0.922908261683818	0.922908261683818	0.0299262030480882	0.0294184766487757	0.309717322375765	0.6464777388037	-0.0399686807687067	0.064947049558373	0.538678889984649	0.6464777388037	-0.0425883158199147	0.0440378883087651	0.334155137459365	0.6464777388037	0.0478729121427221	0.071464992747269	0.503366635700732	0.6464777388037	0.0179205837878775	0.030263576263266	0.554123776117457	0.6464777388037
PGF	8.66983208084471	7.70001840066925e-10	9.02002155506969e-09	0.0180968497410697	0.00323319839717131	4.33994425314668e-08	3.03796097720267e-07	0.00390336998217763	0.00458012700573418	0.394650353121498	0.891052245959855	0.0108383035939388	0.0225511968294902	0.631088122888217	0.891052245959855	0.0104891714729967	0.0497861842260441	0.833253427981635	0.972128999311907	0.000767219081780682	0.0337579371992192	0.981880642726069	0.981880642726069	0.193616729746515	0.0547826162823703	0.000462517587144539	0.00161881155500589	-0.010974294006753	0.023199021255426	0.636465889971325	0.891052245959855
IL6	5.3799438687411	7.07788230069895e-06	2.63811976662415e-05	0.0313979369579576	0.00803827762488239	0.000112149490979431	0.000785046436856017	0.0413611691274932	0.0113869697762819	0.000321902628232513	0.0011266591988138	-0.0957060473909434	0.0560660864633001	0.0886850309955417	0.178453511109916	-0.120147947954991	0.123776867835457	0.332362129284459	0.332362129284459	0.108333251042943	0.0839279369580522	0.197609828052946	0.276653759274124	0.15193913142917	0.136198842322933	0.26535516146076	0.30958102170422	-0.0945648438364408	0.0576766874683011	0.101973434919952	0.178453511109916
MCP1	2.13627527759549	0.0393160981237515	0.0767600010987529	0.0130708010113086	0.00556401649876926	0.0193583923876562	0.0901656889540967	-0.00412822120446831	0.00788194818129912	0.600772021307711	0.86717423674572	-0.0133791854875077	0.0388083921283808	0.730484915337663	0.86717423674572	-0.027256973732452	0.0856771272331539	0.750567317136598	0.86717423674572	-0.0097231482346336	0.0580940902683864	0.86717423674572	0.86717423674572	0.19568026153921	0.0942754954683667	0.0386424381231843	0.0901656889540967	-0.0831376774920892	0.0399232342603594	0.0380119995742016	0.0901656889540967
CRTAM	3.14446669483095	0.00308522045772519	0.00816090572688599	0.0147418934625401	0.00439888045745161	0.000890162614849279	0.00623113830394495	-0.00834275004834167	0.00623142433690342	0.181479074526415	0.423451173894968	-0.0274306830629397	0.0306816986895014	0.371900828517722	0.433884299937342	-0.0388504443921322	0.0677358596474113	0.566627062414236	0.566627062414236	-0.113954601752621	0.0459288642353166	0.0135559012611264	0.0474456544139425	0.0723182364098835	0.0745336816891354	0.332564048058398	0.433884299937342	-0.0356738706683765	0.0315630866703942	0.259131664424705	0.433884299937342
MCP4	1.28879392830357	0.254692733290425	0.348080068830248	0.0101823452648626	0.0052128656410169	0.0515614525516043	0.180465083930615	0.00819970718266226	0.00738451024860517	0.26757503473784	0.624341747721627	0.011074573569861	0.0363591542106131	0.760856702571817	0.955595862713342	0.0112489913230913	0.0802699547841982	0.888628582792178	0.955595862713342	-0.0441567258615737	0.0544277119187537	0.417737485609403	0.731040599816455	-0.196199777832939	0.0883256710733333	0.0269541463209266	0.180465083930615	0.00208413477784876	0.0374036374982229	0.955595862713342	0.955595862713342
TRAIL	0.544380838524091	0.800606796665066	0.820621966581693	-0.00352359412448277	0.00254566043321388	0.167172570666124	0.70216530206846	0.00115711183103124	0.0036061653710433	0.748495808889835	0.871100542889585	-0.00288311783894644	0.0177556965080389	0.871100542889585	0.871100542889585	-0.00770648609584936	0.0391991779458446	0.844253570814965	0.871100542889585	-0.00909003718969691	0.0265793293446379	0.732554212570398	0.871100542889585	0.0553032565638805	0.0431331213141696	0.200618657733846	0.70216530206846	0.0072522497718679	0.0182657614054535	0.691574077922707	0.871100542889585
CXCL9	10.3674132811617	7.39164285334937e-12	1.51528678493662e-10	0.0379736249878515	0.00650318303003527	1.17723175613248e-08	8.24062229292735e-08	-0.0170245458274744	0.00921236514442037	0.0654254772766529	0.152659446978857	-0.0033467153930416	0.0453589735343282	0.941224362511548	0.941224362511548	0.0993088133366862	0.100138818784607	0.322008108250275	0.450811351550385	0.0741858385237216	0.0678999607679587	0.275314871555621	0.450811351550385	0.313614859089146	0.110188530607999	0.0046797689253846	0.0163791912388461	0.0164998327955295	0.0466619931129825	0.7238443745838	0.844485103681101
CAIX	8.57871786121077	9.89853088384507e-10	1.01459941559412e-08	0.016555490987842	0.00475316208656509	0.000557138528046428	0.001299989898775	-0.0276204363952977	0.00673329729915585	5.07307264577674e-05	0.000177557542602186	-0.01844557510932	0.03315277338699	0.578297982784251	0.578297982784251	-0.148415216986645	0.073191241064889	0.0433236612686856	0.0758164072201997	0.0425775803518238	0.0496279310778937	0.391501897738407	0.456752214028141	0.351370605667828	0.0805365531988446	1.68122535236724e-05	0.000117685774665707	-0.0322598666569078	0.0341051475137379	0.344840450519992	0.456752214028141
ADA	1.13071190629861	0.343004730637093	0.439474811128775	0.00374559336958788	0.00394217592754854	0.342685403413239	0.479759564778534	-0.00786360418987983	0.00558445978536825	0.159962546623244	0.448738787021233	-0.0421340899331959	0.0274962357263333	0.126317180995892	0.448738787021233	-0.0144997557036597	0.0607033262023509	0.81134878626205	0.825313179343821	-0.046787203976677	0.0411603963143392	0.256422164012133	0.448738787021233	0.0861805142740776	0.0667953786397496	0.197808153800489	0.448738787021233	-0.00624778663316832	0.0282861154502117	0.825313179343821	0.825313179343821
Gal9	6.88577405975625	1.07796406689786e-07	6.31378953468748e-07	0.00932415741482583	0.00285980452995853	0.00121923313546811	0.0042673159741384	0.0115898807455575	0.00405117977611381	0.0044728704432863	0.0104366977010014	-0.018617535805448	0.0199468164110764	0.351263834500089	0.451249367208975	-0.0219154842369466	0.0440365043183111	0.619024802654467	0.619024802654467	0.0258737113672005	0.0298593188122466	0.386785171893407	0.451249367208975	0.193037442862357	0.0484559111325706	8.21935720528565e-05	0.000575355004369995	-0.0304737066971226	0.0205198252402066	0.138401012286918	0.242201771502107
VEGFR2	2.96082172518303	0.0049805540838016	0.0127626698397416	-0.00706960847840317	0.00176808223050715	7.74625631847691e-05	0.000542237942293384	-0.00398730902654894	0.00250465334245786	0.112276152223945	0.279689667630604	0.0058551354854357	0.0123321756022688	0.635229522031126	0.741101109036313	-0.00805783362416802	0.0272256932119714	0.767428935165735	0.767428935165735	0.0287810960750541	0.0184606082177744	0.119867000413116	0.279689667630604	0.0222825364998796	0.0299580039611217	0.4574899393918	0.741101109036313	0.0071931650752144	0.0126864399298114	0.571071992615713	0.741101109036313
CD40	1.92881907185821	0.0641261897991436	0.114311903554995	0.0100424993481147	0.00367187325942147	0.00654881389018887	0.0458416972313221	0.00555540348433768	0.00520155085188185	0.286227397204017	0.667863926809373	-0.0131615243034887	0.0256109048793914	0.607636760132943	0.925566745758038	0.00918471834729607	0.0565410890677725	0.871048461854542	0.925566745758038	0.00358422686674308	0.0383381567315786	0.925566745758038	0.925566745758038	0.0671058450596738	0.0622154285318127	0.281490236201655	0.667863926809373	0.00624668252954573	0.0263466250221686	0.812717838634156	0.925566745758038
IL18	3.22292079440766	0.00251054246089877	0.00709877523426548	0.00367585166254529	0.00459100960119402	0.423857770496651	0.593400878695312	0.00178728011100441	0.00650359318389192	0.783617470362009	0.783617470362009	-0.086721856202538	0.0320217779562136	0.00708934448317185	0.049625411382203	0.137786117684183	0.0706943471172555	0.0520713431014851	0.182249700855198	0.0285110465456752	0.047934891324242	0.552361640495126	0.644421913910981	0.0899704988139914	0.0777890764609221	0.248208839988121	0.434365469979212	-0.0522172176943702	0.0329416621680706	0.113816927322295	0.26557283041869
GZMH	1.42637344844978	0.193361627492828	0.294200526972736	0.0114018075720199	0.00654888600716996	0.0825373853640784	0.302291549306351	-0.0159529377751068	0.00927710767305708	0.0863690140875289	0.302291549306351	-0.0151552390426908	0.0456777466829107	0.740244971681546	0.769054035253608	0.148223398416568	0.100842572949924	0.142480796816107	0.332455192570917	-0.0200916196549515	0.068377147145782	0.769054035253608	0.769054035253608	-0.0574663219194244	0.110962911995025	0.604856541019395	0.769054035253608	-0.0143712430848905	0.0469899236040132	0.759906749787932	0.769054035253608
CXCL1	0.638126104448158	0.724308818365925	0.762130446568144	-0.00671211724664687	0.00467987250090111	0.152373211850764	0.533306241477674	-0.00465944946888525	0.00662947576725346	0.482613299213814	0.844573273624175	-0.0311766266862625	0.0326415867325285	0.340161588699667	0.793710373632556	0.0173573797621284	0.0720626963962692	0.809797648341888	0.896886211148568	-0.0182209183888355	0.0488627119585331	0.709443355453382	0.896886211148568	0.0102835675307641	0.0792947502669748	0.896886211148568	0.896886211148568	0.0494253514892642	0.0335792760865135	0.141926274041383	0.533306241477674
TNFSF14	1.03357245513601	0.407074658695153	0.487531158110467	0.00712060430459393	0.00651801529916649	0.27537006111158	0.525404440570633	0.0135574826572603	0.00923337643666388	0.142897404240791	0.50173854743558	-0.00967372897064431	0.045462426950889	0.831615663621149	0.831615663621149	0.147201828068718	0.100367212465645	0.14335387069588	0.50173854743558	0.0193048283683293	0.0680548250071257	0.776830459867818	0.831615663621149	-0.0860304097571996	0.110439845377029	0.43650620901246	0.611108692617444	-0.0485194218709003	0.0467684184183836	0.300231108897505	0.525404440570633
TWEAK	2.8804963441999	0.00613059780994352	0.0139641394559825	0.0040023749036044	0.00233551999859838	0.0874499169368741	0.306074709279059	-0.000700439725683003	0.00330848185108942	0.832453515840164	0.832453515840164	0.00391651722975941	0.0162899905040415	0.810138593688947	0.832453515840164	0.0148146350318895	0.0359633448462545	0.680632080200122	0.832453515840164	-0.0855998540165115	0.0243852457396932	0.000504727611080662	0.00353309327756463	-0.0557806981619059	0.0395725471146329	0.159531628991018	0.372240467645708	0.011852553931623	0.0167579503124087	0.479852972996698	0.832453515840164
PDGFsubunitB	1.20769026243109	0.29753252426824	0.399961753934356	-0.00133115292310744	0.000925924181637058	0.151407478996968	0.439436796751367	0.00133124188849889	0.00131165794010305	0.310824297855845	0.543942521247729	-0.00149981379067276	0.00645821749990667	0.816489437573293	0.816489437573293	-0.00640508582281793	0.0142577801370502	0.653534382206872	0.76245677924135	-0.00583847050983955	0.00966760666536546	0.546278663537969	0.76245677924135	-0.0224090785131506	0.015688659623724	0.154059643486528	0.439436796751367	0.0087567753935841	0.00664374162423936	0.188330055750586	0.439436796751367
PDCD1	2.05165791455501	0.048090707180555	0.0896235906546706	0.0129810327827571	0.00496700709397925	0.00934139146177389	0.0653897402324173	-0.00375173976933649	0.00703622869190797	0.594223762919398	0.7213778734346	0.00733583776063145	0.0346443183714919	0.832424750008242	0.832424750008242	-0.0934387848244494	0.0764841187751636	0.222634152010027	0.389609766017546	-0.0258609478936497	0.0518606942565993	0.618323891515372	0.7213778734346	0.175060575643745	0.0841598968808531	0.0382277363756503	0.133797077314776	-0.0458286611163063	0.0356395398593199	0.199311235504495	0.389609766017546
FASLG	2.30343750245774	0.0262260369132794	0.0565930270233924	-0.00293275821660442	0.00329019488055693	0.373333100336488	0.491738712264595	-0.000297857964066098	0.00466086783902629	0.949080649098066	0.949080649098066	0.01846830755466	0.0229487409197453	0.421490324798224	0.491738712264595	0.0820132995251151	0.0506638406743943	0.106376538806686	0.3723178858234	-0.0914413047859471	0.0343530394695876	0.00812251090918068	0.0568575763642648	-0.0529479798423605	0.055748352403448	0.342871060119559	0.491738712264595	-0.0259971692277536	0.0236079855276786	0.271548429677109	0.491738712264595
MCP2	0.959109723789667	0.461000352940658	0.540028984873342	-0.00615187300357894	0.00460532521489704	0.182457569720475	0.638601494021663	-0.0134428068912234	0.00652387258554641	0.0400674464506087	0.280472125154261	-0.00229006851875427	0.0321216277590078	0.943203848347453	0.943203848347453	-0.0117640422627313	0.0709147851150447	0.86833728739205	0.943203848347453	-0.00511040320277566	0.0480843611460685	0.915419771802027	0.943203848347453	-0.0235193780919558	0.0780316371318125	0.763278209830586	0.943203848347453	-0.00831952932460144	0.0330443803393005	0.801364583594248	0.943203848347453
CCL4	2.07033099406563	0.0460095602465053	0.0877391614003124	0.0108315228036595	0.00631461618285064	0.0871537198170497	0.305038019359674	-0.010410456786511	0.00894524262266851	0.245280863548926	0.474288833858638	-0.0485544454341598	0.0440437408872697	0.271022190776365	0.474288833858638	0.229232432754218	0.0972351850944903	0.0189357220996063	0.132550054697244	0.0327624410804679	0.0659311277416023	0.619551066605122	0.722809577705976	-0.0167759500687438	0.106993494620746	0.875495498289341	0.875495498289341	-0.0266863215306827	0.0453089779996099	0.556242594638222	0.722809577705976
Gal1	10.2315680609622	1.06927799947698e-11	1.75361591914225e-10	0.00881820776709442	0.00156228709803073	3.3759852849183e-08	2.36318969944281e-07	0.0103215830402998	0.00221312534815706	4.38992491001429e-06	1.536473718505e-05	0.012872115683941	0.010896777594189	0.23827673250165	0.416984281877887	0.0178812067824029	0.0240567709499605	0.457792376235886	0.64090932673024	-0.00957891718774625	0.0163118940639749	0.557415967770636	0.650318629065742	0.0528223357561864	0.0264710556238038	0.0467484886873029	0.10907980693704	-0.00473673795331642	0.0112098074853686	0.672875088409287	0.672875088409287
PDL1	2.03771584949561	0.0497016267279037	0.09056740870418	0.00376325022731054	0.0043427226317186	0.386760956363484	0.902442231514797	0.000126851942349543	0.00615187154037596	0.98356022816382	0.98356022816382	0.000968665129388318	0.0302900041424766	0.974506064089529	0.98356022816382	0.0632067893645404	0.0668711172115238	0.345192671715434	0.902442231514797	0.0217221532805126	0.0453425184187412	0.632182681378813	0.98356022816382	0.202637682933428	0.0735821556024359	0.00618952725257555	0.0433266907680289	-0.00505767967180399	0.0311601399802133	0.871151358328804	0.98356022816382
CD27	8.40448878681279	1.60082325173505e-09	1.31267506642274e-08	0.0134271258732686	0.0035615396119706	0.000190871845740613	0.000668051460092146	0.0029698715271168	0.00504525295232425	0.556469499702757	0.795393823649012	-0.00855871906789638	0.0248413400414412	0.730646040900631	0.795393823649012	-0.0285156607153387	0.0548421239491686	0.60341345191838	0.795393823649012	0.0670670806374011	0.0371861592714581	0.0721425328751945	0.168332576708787	0.303845470675901	0.0603459590069535	7.58517526932567e-07	5.30962268852797e-06	0.00663167006996433	0.0255549530249782	0.795393823649012	0.795393823649012
HGF	6.60350088114814	2.36303715261954e-07	1.21105654071751e-06	0.0145240258894372	0.00332081138966289	1.60438362636393e-05	0.000112306853845475	0.0177736683842739	0.00470423897897868	0.000184937866319264	0.000647282532117425	-0.02984309623609	0.0231622876429172	0.198426725401063	0.287391503244664	0.0299982005356291	0.0511352868943484	0.557812668745401	0.650781446869635	0.051545618069423	0.0346727075086918	0.137991706341467	0.287391503244664	0.0714007291136575	0.0562671119301524	0.20527964517476	0.287391503244664	-0.00942125429640464	0.0238276667715322	0.692789559999144	0.692789559999144
GZMA	1.35550240918423	0.223234943927713	0.315608024173663	0.00473806153992897	0.00327422922541323	0.148750422242097	0.520076947536247	-0.00274491747057858	0.00463825099981473	0.554357974247377	0.646750969955273	-0.0252447588584185	0.0228373822626421	0.269722623803403	0.520076947536247	0.0339676746352489	0.0504179946264162	0.500923280961398	0.646750969955273	-0.0126739502573599	0.0341863415075458	0.711056865940569	0.711056865940569	0.0828230889541985	0.0554778337862796	0.136343018047274	0.520076947536247	-0.0245272912391887	0.0234934278892239	0.297186827163569	0.520076947536247
HO1	0.931433482760215	0.482020028088041	0.556699187369287	0.00360930980837005	0.00293654453188727	0.21984119453654	0.663866476645432	-0.00721451341639898	0.00415988914438562	0.0837248955512052	0.586074268858436	-0.0126960773062006	0.0204820693326739	0.535742301032839	0.663866476645432	0.0329403282616262	0.0452181799856236	0.466798906209352	0.663866476645432	-0.0174768296436165	0.0306605638481358	0.569028408553227	0.663866476645432	-0.0186596899638809	0.04975617717342	0.707865745110364	0.707865745110364	-0.0193663235656384	0.021070454282162	0.3586504805983	0.663866476645432
CX3CL1	6.67708404737384	1.925755469534e-07	1.05274632334525e-06	0.015017667418373	0.00348501853708199	2.11976084913214e-05	0.00014838325943925	-0.00972357059458841	0.0049368537146184	0.0496561615380056	0.115864376922013	0.0265889399941508	0.0243076141114374	0.274755200805297	0.384657281127416	-0.0487778732291431	0.0536638194148992	0.363986597025227	0.424651029862764	-0.0187257445131443	0.0363872000604284	0.607133001625716	0.607133001625716	0.224215012964508	0.0590494024186523	0.000171934221810564	0.000601769776336976	-0.0289358538908384	0.0250058948402463	0.247977962303381	0.384657281127416
CD70	1.15539566218616	0.327909132321365	0.426802362703998	0.00409108752041246	0.00331105882061416	0.217423836440837	0.76098342754293	0.00122767365490214	0.00469042355555323	0.793672064343232	0.925950741733771	-0.0181685169880665	0.0230942645657056	0.431971397550487	0.925950741733771	0.0177991963549931	0.0509851126273556	0.727215156409402	0.925950741733771	0.00018828487638503	0.0345708805952038	0.99565750201079	0.99565750201079	0.0289270350786519	0.0561018665036942	0.606440709563625	0.925950741733771	0.0409017599544275	0.0237576896068601	0.0860018547528978	0.602012983270284
TNFRSF12A	7.7335945880795	1.02416107816694e-08	6.99843403414076e-08	0.0152458167386914	0.00346019953076918	1.3928163603053e-05	9.74971452213707e-05	0.00184563514256699	0.00490169527795449	0.706746003616786	0.910011738264425	-0.00272970172225536	0.0241345043211559	0.910011738264425	0.910011738264425	-0.00750013630158125	0.0532816456449016	0.888135571009411	0.910011738264425	0.0406412257964129	0.0361280639501333	0.261376055302006	0.609877462371348	0.244993584704524	0.0586288745288284	3.68812103015328e-05	0.000129084236055365	0.00681752773987366	0.0248278121542307	0.783787818037158	0.910011738264425
CCL23	3.40543028679826	0.00154935464441053	0.00470544743858012	0.0109417584072454	0.00399714490595313	0.00650194755143801	0.0258373527043489	-0.00260787101172981	0.00566232846880219	0.645390272892104	0.752955318374121	-0.000931938741062416	0.0278796381963463	0.97335253394377	0.97335253394377	-0.100249727617148	0.0615497622540211	0.104243668711585	0.243235226993699	0.023401953906145	0.0417343293345061	0.57532807378852	0.752955318374121	0.182488287490718	0.0677267611537354	0.00738210077267112	0.0258373527043489	0.0327380659090346	0.0286805318582839	0.254435891366567	0.445262809891492
CD5	1.33337851023493	0.233299883427439	0.324247295611016	0.00216980562771713	0.00325082490983675	0.504906393588362	0.881165616727059	-0.00195525907571962	0.00460509660449018	0.671393623648405	0.881165616727059	-0.007072460645591	0.022674139781857	0.755284814337479	0.881165616727059	0.00327474347879417	0.0500576048748951	0.947876514111661	0.947876514111661	0.0109037100181988	0.0339419762325559	0.748211751536489	0.881165616727059	0.139661436316077	0.0550812761111615	0.0116517870519502	0.0815625093636514	-0.0149070567723584	0.0233254959692395	0.523174030224172	0.881165616727059
CCL3	1.11571614559758	0.352412308563739	0.44063057656467	0.0255635394633721	0.0127514887432025	0.0457424032286592	0.320196822600615	0.00917747086078831	0.0180636728037332	0.611722558500619	0.785502980760796	-0.0375315535938586	0.0889402063197148	0.67328826922354	0.785502980760796	0.100620889998584	0.196352926650226	0.608652711357706	0.785502980760796	0.0362255016123861	0.133138738583499	0.785710927150185	0.785710927150185	0.181290925537307	0.216058474932744	0.401982844529868	0.785502980760796	-0.0699983325392193	0.0914951766185121	0.444746140824317	0.785502980760796
MMP7	13.9127133443108	5.55111512312578e-16	2.27595720048157e-14	0.0124605231127177	0.00208485842547868	5.5062217351803e-09	3.85435521462621e-08	0.00275847586314704	0.00295339636009395	0.350932780016606	0.40942157668604	-0.0198828094613539	0.0145416540957476	0.172389006304376	0.301680761032658	0.0374706918926724	0.0321035497688335	0.243913624898705	0.341479074858187	0.0438724589103985	0.0217680795147453	0.0446044791227402	0.10407711795306	0.155085905590956	0.0353253914841693	1.49263520611282e-05	5.22422322139488e-05	0.00558826638511984	0.0149593897391355	0.708950986033464	0.708950986033464
NCR1	6.40068674409314	4.15371218975835e-07	1.89224666422325e-06	0.0145929891840158	0.00420936252664324	0.00059076210819655	0.00206766737868793	0.00512916290518364	0.00596295451651576	0.390270232761199	0.544434424405094	-0.0213946790611131	0.0293598323406512	0.466658078061509	0.544434424405094	0.0132140849520698	0.0648175807612103	0.838574243885836	0.838574243885836	-0.071312595490988	0.0439501009116826	0.105559264570855	0.246304950665329	0.291173077468013	0.0713225307460981	5.49933917228209e-05	0.000384953742059747	-0.0258726305301044	0.030203247289998	0.392229325028278	0.544434424405094
DCN	9.03050719484144	2.85375056918724e-10	3.90012577788923e-09	0.0129413743121416	0.00202010605470679	4.69536862886438e-10	3.28675804020506e-09	-0.0021658890816625	0.00286166858912972	0.44963017102297	0.641439016035924	0.00537400386207965	0.0140900135593269	0.703128893488239	0.820317042402946	0.0231017248543081	0.0311064648194092	0.458170725739946	0.641439016035924	-0.0223033642288189	0.0210919977537466	0.291027237955614	0.641439016035924	0.0587017279422684	0.0342282412800638	0.0872089894820473	0.305231463187166	0.000110654916585244	0.0144947750012368	0.993913161341354	0.993913161341354
TNFRSF21	6.28573170812433	5.71848418395859e-07	2.34457851542302e-06	0.00919129413531955	0.00206194411868698	1.1104287216123e-05	7.77300105128609e-05	-0.00367181019934046	0.00292093610790338	0.209549144180323	0.366711002315565	-0.001304150744782	0.0143818293713747	0.927797220149882	0.927797220149882	-0.0104408929008668	0.0317507053840467	0.742469119883398	0.866213973197297	0.00869026228735767	0.0215288304385629	0.686705988664707	0.866213973197297	0.121758912567796	0.034937136412212	0.000553051855801737	0.00193568149530608	-0.0252523791101402	0.014794973756875	0.0887223621155657	0.20701884493632
TNFRSF4	6.30254922939748	5.45718998434808e-07	2.34457851542302e-06	0.0134490498365694	0.00388450706893632	0.000600540684474905	0.00210189239566217	0.00395919667961234	0.00550276646987273	0.472307216677356	0.551025086123582	-0.0229519225933873	0.0270940018941521	0.397493118209226	0.551025086123582	-0.0171764523961372	0.0598153162300938	0.7741574045498	0.7741574045498	0.0319072436673587	0.0405582737507857	0.43197724036215	0.551025086123582	0.283738979443219	0.065818249937855	2.10397120341953e-05	0.000147277984239367	-0.0322662425581009	0.0278723267146081	0.247780945556266	0.551025086123582
CCL17	1.49071318151597	0.169212879035126	0.283172573079191	-0.0024737664471639	0.00545761775386217	0.650629986557449	0.759068317650357	-0.00950206447912765	0.00773122443810057	0.219860140146265	0.583070680179504	0.0357659407030838	0.0380662727951194	0.348071492349213	0.609125111611122	0.209803485211108	0.08403875344205	0.012991156185711	0.0909380932999772	0.0444852838634748	0.0569831772629266	0.435510152792864	0.609714213910009	0.0113825512272936	0.0924726980835014	0.902104159726275	0.902104159726275	0.0451313994994503	0.0391597961902398	0.249887434362645	0.583070680179504
ANGPT2	5.6554860473278	3.2958192488497e-06	1.28693894478893e-05	0.00591546557908664	0.00321044462625653	0.0662186688513904	0.154510227319911	0.00322444599698263	0.00454789416758225	0.478787418499383	0.558585321582614	-0.0174897217392895	0.0223924918248851	0.435287527173212	0.558585321582614	-0.00541324040599544	0.0494358118419703	0.912866969252297	0.912866969252297	0.142451369302396	0.0335203642837252	2.7335477862196e-05	0.000191348345035372	0.152834267430787	0.0543970812956859	0.00523264826695231	0.0183142689343331	-0.0222094176102994	0.0230357571589341	0.33563256770841	0.558585321582614
LAMP3	10.7256029257721	2.79853917817263e-12	7.64934042033853e-11	0.00477704402648952	0.00572349355187449	0.404478280116182	0.566269592162655	-0.0225151650460698	0.00810786229729064	0.0057757578661693	0.013476768354395	-0.0570900207816699	0.0399207267186459	0.153564855142399	0.268738496499197	0.0145967653907356	0.0881328237201588	0.868547645548494	0.868547645548494	0.366468124507709	0.0597591957404642	2.28977426638094e-09	1.60284198646666e-08	0.278335660446901	0.096977640259033	0.00434716802045523	0.013476768354395	0.0106655457286266	0.0410675226986989	0.795238654987501	0.868547645548494
CASP8	0.736458940485687	0.641167142535247	0.691785601156451	0.0156844633977881	0.00845693433649986	0.0644714966391499	0.451300476474049	0.0108159460414269	0.0119800360454872	0.367222730855938	0.870739308275504	-0.0189786050875211	0.0589861701537821	0.747832381661929	0.870739308275504	0.068623377275527	0.130223524554788	0.598543531986405	0.870739308275504	-0.0205550641071898	0.0882991462816677	0.816058337534454	0.870739308275504	-0.0490516165020591	0.143292471345713	0.732312344036283	0.870739308275504	0.00988100530931152	0.0606806559102122	0.870739308275504	0.870739308275504
ICOSLG	3.61926986552951	0.00087578653190401	0.00276209598523573	0.00511032325781956	0.00207896527193049	0.0144401158765393	0.0505404055678876	-0.0101107924093198	0.00294504815859211	0.000666466876320878	0.00466526813424614	-0.00264879799676387	0.0145005500095498	0.855161300378871	0.928802120530062	-0.00286242423182993	0.0320128044472722	0.928802120530062	0.928802120530062	-0.0114208339635974	0.0217065488930677	0.59911191228462	0.838756677198468	0.0623893132264248	0.0352255391615261	0.0773884187997339	0.180572977199379	-0.00909700248473781	0.0149171048627896	0.54235666024549	0.838756677198468
MMP12	8.40623633501902	1.59311874803336e-09	1.31267506642274e-08	0.0217417208799419	0.00513558302580881	2.92741447360444e-05	0.000204919013152311	0.00124444485597271	0.00727503221802776	0.864275621497965	0.864275621497965	-0.0555712169036564	0.0358201166221434	0.121690149366337	0.21295776139109	0.0230120864792438	0.0790799237234421	0.771221491237099	0.864275621497965	0.173192139029755	0.0536208014386951	0.00135277015129666	0.0047346955295383	0.253885907346265	0.0870162111101132	0.00374905345975378	0.00874779140609216	0.0128376254716749	0.0368491150679086	0.727756932870507	0.864275621497965
CXCL13	2.15152417635413	0.0379044489778626	0.0758088979557252	0.0169256266725562	0.00509318395517549	0.000981815698589236	0.00687270989012465	0.00999772473464889	0.00721496998101948	0.166703647443719	0.388975177368677	0.00111456104648037	0.0355243878515007	0.974988335389567	0.974988335389567	-0.0153166603226525	0.0784270445362539	0.845270302391904	0.974988335389567	0.0502510586548639	0.0531781112638524	0.345317856210605	0.604306248368559	-0.131619878192844	0.0862978104022364	0.128096585903686	0.388975177368677	0.0187744074421045	0.0365448909467742	0.607753860970434	0.850855405358608
VEGFA	2.90100229275441	0.00581454602543818	0.0136226506881695	0.0109743109191074	0.00392323074944021	0.00543223085859335	0.0380256160101534	0.00928820786886197	0.00555762217405484	0.0955450269707813	0.222938396265156	-0.00589787989731806	0.0273640952301408	0.829474117578255	0.852516939690764	-0.0112391145390732	0.0604116001739321	0.852516939690764	0.852516939690764	0.0265216570934043	0.0409625890491344	0.517748933547199	0.724848506966078	0.144159321805562	0.0664743756281132	0.0307675924772627	0.10768657367042	-0.0324517943037446	0.0281501789762831	0.249757726614469	0.437076021575321
CCL20	4.32451469077028	0.00012967139666642	0.000443043938610268	0.0173611937002562	0.00924081184521668	0.0610906988929045	0.142544964083444	-0.00540893287382719	0.013090471628408	0.679710264848558	0.741775521635806	-0.110714596536286	0.0644536280136985	0.0867087112641342	0.151740244712235	0.079155050843411	0.142294008721109	0.578368230174727	0.741775521635806	0.293897224177023	0.0964836386822251	0.00249035809385646	0.0174325066569952	0.301140407284044	0.156574322781116	0.0552343976851867	0.142544964083444	-0.0218646768048176	0.0663051765094683	0.741775521635806	0.741775521635806
KLRD1	2.17628206333084	0.0357138132861634	0.073213317236635	0.0157448116123813	0.0047468323042657	0.00100348006409698	0.00702436044867886	0.00757374457014649	0.00672433057231495	0.260784744844373	0.608497737970203	0.00858499979872242	0.0331086238641379	0.795554363774031	0.795554363774031	0.0370285209577365	0.0730937723453869	0.612754886369668	0.795554363774031	-0.0450327759257529	0.0495618416002005	0.364163117099518	0.637285454924157	-0.0297461119401213	0.0804293027328163	0.711719109993481	0.795554363774031	-0.0647454753153328	0.0340597297149927	0.0581128373332654	0.203394930666429
GZMB	0.47987792936605	0.849129500118912	0.849129500118912	0.000165932807085949	0.00610764403506454	0.978340832796929	0.978340832796929	-0.00270700670660799	0.00865204727643201	0.754558040926263	0.978340832796929	0.00987359387055647	0.0426001333291841	0.816846147038052	0.978340832796929	0.097275444662149	0.0940481386427928	0.301686882189311	0.978340832796929	-0.0356041713664359	0.0637701243299145	0.576974516537904	0.978340832796929	0.00689110113419971	0.103486603189888	0.94694583033808	0.978340832796929	-0.0554616043596971	0.0438239001708037	0.206495070920945	0.978340832796929
CD83	6.52509125659737	2.93883050672683e-07	1.41755353853882e-06	0.00772206208887351	0.00336593294711561	0.0223584662712869	0.0521697546330028	-0.00287547380076396	0.00476815787242202	0.546852223315192	0.765593112641268	-0.0339103256803276	0.023477005454314	0.149499439768609	0.261624019595066	-0.0142594855790681	0.0518300881084874	0.783382880765964	0.913946694226958	0.101550032586239	0.0351438232633427	0.00409284969638036	0.0143249739373313	0.233870215807451	0.0570316418674916	5.10156849792505e-05	0.000357109794854753	0.000578301491778318	0.0241514254283902	0.980909965510237	0.980909965510237
IL12	4.16165897384495	0.000202204366048564	0.00066323032063929	0.015688546684025	0.00587638788868622	0.00793644436650708	0.0277775552827748	0.0167658696238271	0.00832445138185405	0.0447518041525343	0.104420876355913	-0.0452272450858386	0.0409871475997684	0.270573199387785	0.378802479142899	-0.0614133869633735	0.0904871567008652	0.497768185116035	0.497768185116035	-0.0769948880386237	0.0613555708421969	0.21033493482133	0.368086135937328	0.305012659288767	0.0995682489246293	0.00235451018348217	0.0164815712843752	-0.0297882780791861	0.0421645784725211	0.48035147861078	0.497768185116035
CSF1	5.22437185809288	1.08902221798157e-05	3.88260095106474e-05	0.00564575657911659	0.00182695260381799	0.00215637412973354	0.00754730945406737	0.00335026248231739	0.00258804871555793	0.196322653335606	0.458086191116414	-0.0137833421995535	0.0127427898649506	0.280132526298682	0.490231921022694	0.0129112375630617	0.0281322046260789	0.646549554059216	0.754307813069085	0.0105524651206769	0.0190752758381904	0.580470946873302	0.754307813069085	0.105556111235163	0.0309554908689185	0.00072389572561696	0.00506727007931872	-0.000765919351653061	0.0131088498391284	0.953440585953317	0.953440585953317
ARG1	1.35641108028618	0.222829232667098	0.315608024173663	0.000380127686931533	0.00208788087803035	0.855635642632889	0.855635642632889	-0.00188864299526662	0.00295767794595876	0.523520099328473	0.812147802790817	-0.0265420615697244	0.0145627353638999	0.0691978039389639	0.242192313786374	0.0125664687447777	0.0321500907975818	0.696126688106415	0.812147802790817	-0.00871876652585923	0.0217996370472235	0.689431814147069	0.812147802790817	0.0700709191732594	0.0353766032683007	0.0483884098172532	0.242192313786374	0.005948191053811	0.0149810766053207	0.691569422290767	0.812147802790817
IL4	1.77490847822907	0.0911600953493251	0.15904527273712	-0.000418190655028102	0.0070782390004336	0.952920419785966	0.97883898840475	-0.0212436084194308	0.0100269855469711	0.0348089022532493	0.195129697585347	0.0316583615759802	0.0493699245442545	0.521771920539318	0.730480688755045	-0.209182910161224	0.108993778785696	0.0557513421672419	0.195129697585347	-0.0852592160763708	0.0739041402057955	0.249414932545952	0.581968175940554	0.00318336483494537	0.119932154938254	0.97883898840475	0.97883898840475	-0.0406028421027334	0.0507881660357459	0.424556864292271	0.730480688755045
IL5	0.501275345176102	0.833511257304183	0.843801519740037	0.00949434182398343	0.00990568394300794	0.338470568560301	0.796728576895492	0.00581897301421081	0.0140323249502199	0.678622021356926	0.796728576895492	-0.0309925102726528	0.0690910364563244	0.654009667770878	0.796728576895492	0.10536528086566	0.152531996212489	0.49015461566142	0.796728576895492	-0.00210425375248728	0.103425591437858	0.983779029449434	0.983779029449434	0.0830718805073034	0.167839772201733	0.620940781798157	0.796728576895492	0.0290577912443515	0.0710758030018895	0.682910208767565	0.796728576895492
CD28	1.05217133020676	0.394241300008044	0.482504277621785	0.000463706212625365	0.00241304411059437	0.847720750457728	0.996329333855051	0.00774454663054818	0.003418301984385	0.0240719152068985	0.168503406448289	0.0215762076453495	0.0168307125055687	0.200688173266172	0.702408606431603	0.00017106115062693	0.03715709457877	0.996329333855051	0.996329333855051	0.0113691232223554	0.0251946776961347	0.652081882602735	0.996329333855051	0.00125311372351696	0.0408860989473393	0.975566627497824	0.996329333855051	-0.006835983440327	0.01731420554363	0.693211329396341	0.996329333855051
FGF2	0.798134668379442	0.589266864100992	0.644265104750418	0.00274869195204038	0.0041334847639696	0.506490304891477	0.824046396973901	0.00826908453297961	0.00585546659054737	0.158759998434764	0.555659994521676	-0.00804756033009842	0.0288305934413212	0.780304197529701	0.910354897117984	0.0669773882200068	0.0636491822260523	0.293376326928365	0.684544762832851	-0.00127329456943315	0.0431578585459202	0.976479713557775	0.976479713557775	-0.120590641240644	0.0700368743012131	0.0859665620073061	0.555659994521676	-0.0160557298283649	0.0296588050341129	0.588604569267072	0.824046396973901
NOS3	1.11218444089552	0.354653878698393	0.44063057656467	0.00528517745582315	0.00312902131053346	0.0920741700249595	0.644519190174717	0.00560637285569237	0.00443255044863017	0.206759031843297	0.723656611451539	0.0213036034321022	0.0218245733139186	0.3296595616093	0.769205643755034	0.0237209972339647	0.0481820204877402	0.62279455130863	0.799267973396508	-0.00978136397299477	0.0326702206052128	0.76481093885266	0.799267973396508	0.0336653100723028	0.053017462196036	0.52584360411106	0.799267973396508	-0.00571354792996119	0.0224515241487361	0.799267973396508	0.799267973396508
ADGRG1	8.25866290695004	2.39478603614174e-09	1.78520413603293e-08	0.0361925916446397	0.00733368445229607	1.22983578735479e-06	8.60885051148355e-06	0.0457253041730784	0.0103888478482734	1.4215451597268e-05	4.97540805904381e-05	-0.0180010432156886	0.0511516279711733	0.725108797558506	0.725108797558506	-0.0526389280915745	0.11292723809251	0.641404956670234	0.725108797558506	0.0672708858740156	0.0765712550754997	0.380240170586587	0.532336238821222	0.286709833390105	0.124260367578313	0.021606285709409	0.0504146666552878	-0.115100719468595	0.0526210521563576	0.0293632428052954	0.0513856749092669
MICAB	1.02904293826068	0.410239633044174	0.487531158110467	0.0257772783724509	0.0129782510454153	0.0477743915344293	0.334420740741005	0.00334726207354229	0.018384902749027	0.855634132490629	0.855634132490629	0.0494727243073203	0.0905218479892099	0.58504350234539	0.855634132490629	-0.0964315259193309	0.199844710440348	0.629722771662914	0.855634132490629	-0.0267994564279197	0.135506371687595	0.843335180340295	0.855634132490629	0.242650949511994	0.219900686471728	0.270569927142839	0.631329829999957	-0.131900348209755	0.0931222538413538	0.157521692460093	0.551325923610326
CD4	2.90227775718119	0.00579542064444571	0.0136226506881695	0.00658464357114939	0.00301066470826833	0.0293812659923509	0.0945024576587557	0.00920943257854598	0.0042648872854863	0.0314858055306597	0.0945024576587557	-0.00812551281749536	0.0209990492643936	0.699025577564295	0.815529840491677	-0.0077885575368061	0.0463595144485514	0.866675446926762	0.866675446926762	0.0374714587397352	0.0314344551941342	0.234031012303285	0.327643417224599	0.104883985775828	0.0510120534552522	0.0405010532823239	0.0945024576587557	-0.0309736404312099	0.0216022854091429	0.152498414783081	0.266872225870393
IL10	3.24776373730855	0.00235149603756946	0.00688652411002484	0.00445935675117967	0.00393976298299906	0.258440570092809	0.451119046474943	-0.00553226614651665	0.00558104162442147	0.322227890339245	0.451119046474943	-0.0128519806806672	0.0274794057082553	0.640287286413463	0.640287286413463	0.0779630471003303	0.0606661706408571	0.199582650490302	0.451119046474943	0.101684846898658	0.0411352026761642	0.0139014943276513	0.068557409641983	0.156519713401097	0.0667544942277443	0.0195878313262809	0.068557409641983	-0.0221773645907512	0.0282688019590444	0.433255425467552	0.505464663045478
CD8A	2.92010613846221	0.00553441507930552	0.0136226506881695	0.00370469654665488	0.00599701747624976	0.537128617053312	0.592967899635826	0.00461099980246884	0.00849533444061522	0.587626952223844	0.592967899635826	-0.0481571672418128	0.0418285254672651	0.250377307227981	0.584213716865288	-0.0598587403787546	0.0923446631485996	0.517264615747501	0.592967899635826	0.0335003395225815	0.0626150685720302	0.592967899635826	0.592967899635826	0.339939422218574	0.101612170638056	0.000908481398812373	0.00635936979168661	-0.0842005577757475	0.0430301264600397	0.0511501047535048	0.179025366637267
CCL19	0.811773829117488	0.577925708359486	0.640404163317268	0.00051836491498051	0.00714143105510161	0.942176437200758	0.942176437200758	0.00214002182810549	0.0101165029846842	0.832588084305413	0.942176437200758	-0.0131123135743426	0.0498106820505445	0.792514728178119	0.942176437200758	-0.0441336686730835	0.109966837314389	0.688412091062006	0.942176437200758	0.133553772199662	0.074563930651949	0.0741168980520769	0.518818286364538	0.142919077996528	0.121002867482835	0.238338552835545	0.834184934924407	-0.0174957190908831	0.0512415851085439	0.732975733364271	0.942176437200758
CXCL10	1.19316229818765	0.305753001679016	0.404383002220633	0.0160939797897908	0.00720481237116469	0.0261145258208127	0.182801680745689	0.00211608129087215	0.0102062885288108	0.835869149716164	0.903600985632002	-0.00609061131931382	0.0502527596338754	0.903600985632002	0.903600985632002	0.0824818145087966	0.11094281017172	0.457689368320441	0.903600985632002	0.0236098162326309	0.0752256971829275	0.753815430777455	0.903600985632002	0.0470638193473918	0.122076786831673	0.700076453482264	0.903600985632002	0.00726978524398233	0.051696362180013	0.888245525836288	0.903600985632002
PTN	24.9725325017087	0	0	0.0763944069266018	0.00643002564294978	1.13973421975325e-27	7.97813953827275e-27	-0.00176862391297151	0.00910873088413112	0.846154480370273	0.997088239193654	-0.00459704983945672	0.0448487089501507	0.91841619032329	0.997088239193654	0.0304603560068616	0.0990123097667501	0.758533568997074	0.997088239193654	-0.017451998952532	0.0671361219385656	0.795052189510662	0.997088239193654	-0.000397871654287734	0.10894896762033	0.997088239193654	0.997088239193654	0.0247586551380499	0.0461370702441995	0.591854747533506	0.997088239193654
IL12RB1	3.15566165664139	0.00299595617800641	0.00816090572688599	0.0104720937742056	0.00330734024948095	0.00167631255588413	0.0117341878911889	0.00451698151150721	0.00468515585280884	0.335644134491188	0.683398557296425	-0.0198325238204237	0.0230683279483849	0.390513461312243	0.683398557296425	0.00545566870081289	0.0509278524642745	0.914749470293421	0.914749470293421	0.0147674494237755	0.0345320548643437	0.669166951731398	0.877171025749547	0.115257947385265	0.0560388598364611	0.0404344453529673	0.141520558735386	-0.00750919316975725	0.0237310079127102	0.751860879213897	0.877171025749547
VEGFC	2.26306224012275	0.0289431289311424	0.0608547839065045	-0.00254326463006854	0.00319533840718357	0.426600358230254	0.648667826929524	0.000382587419854872	0.00452649479970211	0.932688827653324	0.932688827653324	0.0163622306074706	0.0222871276381523	0.463334162092517	0.648667826929524	0.0452487026476816	0.0492031997615044	0.358385744807739	0.648667826929524	-0.0809410068435065	0.0333626397236646	0.0157555842995249	0.0729275620645612	-0.125672951373881	0.0541411247779309	0.0208364463041603	0.0729275620645612	0.0101054550422535	0.0229273661929887	0.659653131964702	0.769595320625486
MCP3	1.46246217706755	0.179481144200192	0.291284570180893	0.041846793707654	0.0173795689395061	0.0165534020717079	0.115873814501955	0.0303940694130627	0.024619779942206	0.217811970109456	0.508227930255398	-0.0809647833601005	0.121220547526372	0.504619460721276	0.643847756487699	0.159373015484198	0.267618102789019	0.551869505560885	0.643847756487699	-0.154455618076788	0.181460685283849	0.395238610908936	0.643847756487699	-0.60940172333115	0.294475667561552	0.0392211942432632	0.137274179851421	-0.0500665769323114	0.124702829739891	0.688301087328176	0.688301087328176
CXCL5	0.637355829810624	0.724953351613601	0.762130446568144	-0.00492450677142627	0.00383787872959526	0.200275696012176	0.700964936042617	0.00296815741621622	0.00543671307938628	0.585442375994154	0.793180670038807	-0.0263428288891152	0.0267687744477843	0.325736859290653	0.76005267167819	0.0255702993105567	0.0590973129381771	0.665506885661405	0.793180670038807	-0.0105138748691498	0.0400714256339003	0.793180670038807	0.793180670038807	-0.0257670529975316	0.065028189413193	0.692160836721107	0.793180670038807	0.0396122123999156	0.0275377565142688	0.151174619892958	0.700964936042617
CXCL11	1.44858134694211	0.184717044504956	0.291284570180893	0.00203200329131439	0.00875295670619673	0.816553769881384	0.816553769881384	0.0154787802243494	0.0123993793344534	0.212718252678584	0.744513884375046	-0.147066562157127	0.0610508930395805	0.0165043177121371	0.11553022398496	0.0811566747683173	0.134781804753632	0.547466266235852	0.816553769881384	0.0383584407914378	0.0913899261653068	0.674939693307493	0.816553769881384	0.0356154892568903	0.14830821052964	0.810355224615015	0.816553769881384	0.0247373871321154	0.0628046917419408	0.693905599144885	0.816553769881384
PDL2	1.45399733194541	0.182658957182119	0.291284570180893	0.00322307874914144	0.00318760814539236	0.31263822934929	0.63742211433351	-0.00627426852487109	0.00451554416307482	0.165549688992157	0.579423911472549	-0.0104875975983933	0.0222332099276432	0.63742211433351	0.63742211433351	-0.0246484359662557	0.0490841658544018	0.615858948808363	0.63742211433351	0.0223623534870555	0.0332819277907657	0.502076398617854	0.63742211433351	0.12018194887745	0.0540101448894586	0.0266921504054278	0.186845052837994	-0.0139085572836125	0.0228718995975081	0.543502241658411	0.63742211433351
LAPTGFbeta1	1.42541604487465	0.19374181044546	0.294200526972736	-0.00130427651799165	0.00227577431381251	0.566927784215453	0.661415748251362	0.00239159191186652	0.0032238465176675	0.458668120625851	0.642135368876192	0.0319628670705807	0.0158732710418218	0.0447964280626301	0.313574996438411	0.0133524719133685	0.0350433550083087	0.703409066991847	0.703409066991847	0.0244432683705201	0.0237614389616464	0.304317628062335	0.532555849109087	0.0572444283661318	0.0385602291179968	0.138544099275494	0.48490434746423	-0.0188876304802659	0.0163292598205168	0.248176807404959	0.532555849109087
