analyte	age_l	age_m	age_u	bmi_l	bmi_m	bmi_u	education_NCIMD_l	education_NCIMD_m	education_NCIMD_u	aspirin_l	aspirin_m	aspirin_u	smoke_l	smoke_m	smoke_u	diabetes_l	diabetes_m	diabetes_u	PSA_l	PSA_m	PSA_u
IL8	0.0087446921376686	0.0464138476896806	0.0840830032416926	-0.0611684392508147	-0.00780656799109991	0.0455553032686149	-0.389019856978658	-0.126281714464016	0.136456428050625	-0.395350449220142	0.184695464322544	0.764741377865231	-0.622787760293089	-0.229482793735832	0.163822172821426	-1.05875132100318	-0.420493274082145	0.217764772838894	-0.269686278988225	0.00059949781088152	0.270885274609988
TNFRSF9	0.0105091172164114	0.0190896474944823	0.0276701777725532	-0.00826084988505738	0.00389427133623707	0.0160493925575315	-0.0802202992667794	-0.0203720612584132	0.0394761767499529	-0.182144398095859	-0.0500176898941818	0.082109018307496	-0.059965412555434	0.029624203261689	0.119213819078812	0.162173379689674	0.307560034011311	0.452946688332948	-0.0889719615792982	-0.0274044733367124	0.0341630149058735
TIE2	-0.0036905310651356	0.000247008293888645	0.00418454765291289	-0.00855989092567902	-0.00298199927195733	0.00259589238176435	-0.0156643993180314	0.0117994968619578	0.039263393041947	-0.0812490036262493	-0.0206170733069749	0.0400148570122995	-0.0496914394763677	-0.00857945373565738	0.0325325320050529	-0.0367900079666791	0.0299268096560429	0.0966436272787649	-0.0461972590400691	-0.0179444121488921	0.0103084347422848
CD40L	-0.00806101663155532	0.00370416535637978	0.0154693473443149	-0.00568484637852778	0.0109816309392462	0.0276481082570202	-0.098446119914161	-0.016385292784956	0.0656755343442489	-0.0793929210384046	0.101772428547545	0.282937778133495	-0.17339057432722	-0.0505498989657647	0.0722907763956906	-0.37991263274646	-0.180565926741288	0.0187807792638849	-0.106061599053981	-0.0216434243911286	0.0627747502717236
CD244	-0.00330333298424577	0.00206792218836906	0.0074391773609839	-0.0107512187050707	-0.00314233491609387	0.00446654887288295	-0.0259553313045625	0.0115085721555618	0.0489724756156861	-0.082548255929259	0.000160649216448229	0.0828695543621555	-0.1209818535074	-0.0649003909665453	-0.008818928425691	-0.0743725052695445	0.0166368838645998	0.107646272998744	-0.0216007199636262	0.0169394027293785	0.0554795254223831
EGF	-0.00476281638186832	0.00982587302417367	0.0244145624302157	-0.00877097575312097	0.0118952630973435	0.0325615019478079	-0.116601039788092	-0.01484656453913	0.086907910709832	-0.091830784377093	0.132812150934637	0.357455086246368	-0.315142125818846	-0.162821111055586	-0.0105000962923254	-0.451971907362805	-0.204784300659456	0.0424033060438931	-0.151454893565214	-0.0467773346762586	0.0579002242126968
ANG1	-0.00708232817356157	-0.00311404524456493	0.00085423768443171	-0.00479114886673186	0.000830293920507165	0.00645173670774619	-0.00269048591638094	0.0249878432220977	0.0526661723605764	-0.0128068639283455	0.0482984691489382	0.109403802226222	-0.0823383874776804	-0.0409054070509292	0.00052757337582205	-0.119047841950468	-0.0518101119091261	0.0154276181322157	-0.0182819182956427	0.0101915215334378	0.0386649613625184
IL7	-0.0145859400286373	-0.00629121986454294	0.00200350029955138	-0.0123288458582523	-0.000578601313465301	0.0111716432313217	-0.0279285414147587	0.0299262030480882	0.0877809475109352	-0.167694361492284	-0.0399686807687067	0.0877569999548702	-0.129193778271453	-0.0425883158199147	0.0440171466316236	-0.0926710372532615	0.0478729121427221	0.188416861538706	-0.0415961441564977	0.0179205837878775	0.0774373117322526
PGF	0.0117384012972813	0.0180968497410697	0.024455298184858	-0.00510396512520165	0.00390336998217763	0.0129107050895569	-0.033511162405886	0.0108383035939388	0.0551877695937636	-0.087420961691491	0.0104891714729967	0.108399304637484	-0.0656215628246047	0.000767219081780682	0.0671560009881661	0.085880550750495	0.193616729746515	0.301352908742535	-0.056597779632637	-0.010974294006753	0.034649191619131
IL6	0.0155897595509081	0.0313979369579576	0.0472061143650072	0.0189674118137417	0.0413611691274932	0.0637549264412447	-0.205966314912345	-0.0957060473909434	0.0145542201304579	-0.363569085783688	-0.120147947954991	0.123273189873705	-0.0567204804596396	0.108333251042943	0.273386982545527	-0.115911216935378	0.15193913142917	0.419789479793718	-0.207992539457142	-0.0945648438364408	0.0188628517842606
MCP1	0.00212853650976598	0.0130708010113086	0.0240130655128513	-0.0196289591707028	-0.00412822120446831	0.0113725167617662	-0.0897002552834474	-0.0133791854875077	0.0629418843084319	-0.195750684727893	-0.027256973732452	0.141236737262989	-0.123971713427384	-0.0097231482346336	0.104525416958117	0.0102768919307562	0.19568026153921	0.381083631147664	-0.161651209781314	-0.0831376774920892	-0.00462414520286392
CRTAM	0.00609100008601089	0.0147418934625401	0.0233927868390694	-0.0205975471595346	-0.00834275004834167	0.00391204706285125	-0.0877696958051594	-0.0274306830629397	0.0329083296792801	-0.172060633949494	-0.0388504443921322	0.0943597451652301	-0.20427888113415	-0.113954601752621	-0.0236303223710907	-0.0742606350756174	0.0723182364098835	0.218897107895384	-0.09774623204778	-0.0356738706683765	0.026398490711027
MCP4	-6.93415638209384e-05	0.0101823452648626	0.0204340320935461	-0.0063227631177877	0.00819970718266226	0.0227221774831122	-0.0604297942753655	0.011074573569861	0.0825789414150876	-0.146610906642677	0.0112489913230913	0.169108889288859	-0.151194945493112	-0.0441567258615737	0.0628814937699649	-0.369902148301188	-0.196199777832939	-0.0224974073646898	-0.0714743269765161	0.00208413477784876	0.0756425965322136
TRAIL	-0.0085299218011709	-0.00352359412448277	0.00148273355220536	-0.00593481813268972	0.00115711183103124	0.00824904179475219	-0.0378016928724774	-0.00288311783894644	0.0320354571945845	-0.0847960801726006	-0.00770648609584936	0.0693831079809018	-0.0613612790213798	-0.00909003718969691	0.043181204641986	-0.029522879789448	0.0553032565638805	0.140129392917209	-0.0286694252743423	0.0072522497718679	0.0431739248180781
CXCL9	0.0251843838286404	0.0379736249878515	0.0507628661470626	-0.0351416984486676	-0.0170245458274744	0.00109260679371879	-0.0925502405876341	-0.0033467153930416	0.0858568098015509	-0.0976254413075251	0.0993088133366862	0.296243067980898	-0.0593470743516658	0.0741858385237216	0.207718751399109	0.0969167153622621	0.313614859089146	0.53031300281603	-0.0752662270147454	0.0164998327955295	0.108265892605804
CAIX	0.00720786292430123	0.016555490987842	0.0259031190513828	-0.0408622231569263	-0.0276204363952977	-0.0143786496336691	-0.0836442342866232	-0.01844557510932	0.0467530840679831	-0.292354027934696	-0.148415216986645	-0.00447640603859376	-0.0550213301903647	0.0425775803518238	0.140176490894012	0.192986411922312	0.351370605667828	0.509754799413344	-0.0993314767144979	-0.0322598666569078	0.0348117434006823
ADA	-0.00400713916102053	0.00374559336958788	0.0114983259001963	-0.0188460727147744	-0.00786360418987983	0.00311886433501473	-0.0962085313337303	-0.0421340899331959	0.0119403514673386	-0.133879676948766	-0.0144997557036597	0.104880165541447	-0.1277337546491	-0.046787203976677	0.0341593466957456	-0.0451801135598806	0.0861805142740776	0.217541142108036	-0.0618756153870644	-0.00624778663316832	0.0493800421207278
Gal9	0.00370003002475825	0.00932415741482583	0.0149482848048934	0.00362277988175829	0.0115898807455575	0.0195569816093567	-0.0578451946705841	-0.018617535805448	0.0206101230596881	-0.108518224915532	-0.0219154842369466	0.0646872564416388	-0.0328479988131632	0.0258737113672005	0.0845954215475642	0.0977434414169778	0.193037442862357	0.288331444307736	-0.0708282518990352	-0.0304737066971226	0.00988083850479002
VEGFR2	-0.0105467411272668	-0.00706960847840317	-0.0035924758295395	-0.00891299164519485	-0.00398730902654894	0.000938373592096959	-0.0183974754385875	0.0058551354854357	0.0301077464094589	-0.0616002227290786	-0.00805783362416802	0.0454845554807425	-0.0075237671515236	0.0287810960750541	0.0650859593016318	-0.0366332491296861	0.0222825364998796	0.0811983221294453	-0.0177561465103344	0.0071931650752144	0.0321424766607632
CD40	0.00282134742852233	0.0100424993481147	0.0172636512677071	-0.00467403153838475	0.00555540348433768	0.0157848385070601	-0.0635282504582618	-0.0131615243034887	0.0372052018512843	-0.102009695242545	0.00918471834729607	0.120379131937137	-0.0718120721110411	0.00358422686674308	0.0789805258445272	-0.0552477955563277	0.0671058450596738	0.189459485675675	-0.0455669200683796	0.00624668252954573	0.0580602851274711
IL18	-0.00535288529330284	0.00367585166254529	0.0127045886183934	-0.0110027676619158	0.00178728011100441	0.0145773278839247	-0.149696285606919	-0.086721856202538	-0.0237474267981567	-0.00124227036822258	0.137786117684183	0.276814505736588	-0.0657583108220786	0.0285110465456752	0.122780403913429	-0.0630104727834895	0.0899704988139914	0.242951470411472	-0.117000702905678	-0.0522172176943702	0.0125662675169373
GZMH	-0.00147731363417283	0.0114018075720199	0.0242809287782126	-0.0341974138636187	-0.0159529377751068	0.0022915383134051	-0.104985667501957	-0.0151552390426908	0.0746751894165759	-0.050094867979346	0.148223398416568	0.346541664812482	-0.154562973234789	-0.0200916196549515	0.114379733924886	-0.275687373776395	-0.0574663219194244	0.160754729937546	-0.106782215104137	-0.0143712430848905	0.0780397289343564
CXCL1	-0.0159156130935199	-0.00671211724664687	0.00249137860022615	-0.0176970595061489	-0.00465944946888525	0.00837816056837841	-0.0953699797894349	-0.0311766266862625	0.0330167264169099	-0.124362021112539	0.0173573797621284	0.159076780636796	-0.114314939431229	-0.0182209183888355	0.0778731026535585	-0.145658481022998	0.0102835675307641	0.166225616084526	-0.0166120732362432	0.0494253514892642	0.115462776214772
TNFSF14	-0.00569780618077353	0.00712060430459393	0.0199390147899614	-0.00460099103429611	0.0135574826572603	0.0317159563488168	-0.0990807069493626	-0.00967372897064431	0.079733249008074	-0.0501815884478484	0.147201828068718	0.344585244585285	-0.114532642458525	0.0193048283683293	0.153142299195184	-0.303222792255028	-0.0860304097571996	0.131161972740629	-0.140494779019099	-0.0485194218709003	0.0434559352772983
TWEAK	-0.000590687963653252	0.0040023749036044	0.00859543777086204	-0.00720694155240867	-0.000700439725683003	0.00580606210104266	-0.0281195820273632	0.00391651722975941	0.035952616486882	-0.0559113291623132	0.0148146350318895	0.0855405992260923	-0.133556183563317	-0.0855998540165115	-0.0376435244697064	-0.133604564720147	-0.0557806981619059	0.0220431683963354	-0.0211038409429512	0.011852553931623	0.0448089488061971
PDGFsubunitB	-0.00315208701021667	-0.00133115292310744	0.000489781164001795	-0.0012482810369509	0.00133124188849889	0.00391076481394868	-0.0142006251754164	-0.00149981379067276	0.0112009975940709	-0.0344446147312879	-0.00640508582281793	0.021634443085652	-0.0248509068052217	-0.00583847050983955	0.0131739657855426	-0.0532625929330725	-0.0224090785131506	0.00844443590677128	-0.00430889005662009	0.0087567753935841	0.0218224408437883
PDCD1	0.00321285445054299	0.0129810327827571	0.0227492111149712	-0.0175892752003027	-0.00375173976933649	0.0100857956616298	-0.0607961124556144	0.00733583776063145	0.0754677879768774	-0.243853410300554	-0.0934387848244494	0.0569758406516551	-0.127850838454698	-0.0258609478936497	0.0761289426673984	0.00955066885311101	0.175060575643745	0.340570482434378	-0.115917826369539	-0.0458286611163063	0.0242605041369263
FASLG	-0.00940329665814911	-0.00293275821660442	0.00353778022494027	-0.00946397900497968	-0.000297857964066098	0.00886826307684748	-0.0266629736298536	0.01846830755466	0.0635995887391736	-0.0176228437979437	0.0820132995251151	0.181649442848174	-0.159000422267232	-0.0914413047859471	-0.0238821873046618	-0.162583387583993	-0.0529479798423605	0.056687427899272	-0.0724249291112102	-0.0259971692277536	0.0204305906557029
MCP2	-0.0152087632245504	-0.00615187300357894	0.00290501721739252	-0.0262727363893121	-0.0134428068912234	-0.000612877393134745	-0.0654608637953148	-0.00229006851875427	0.0608807267578063	-0.151225946441218	-0.0117640422627313	0.127697861915756	-0.0996737097933232	-0.00511040320277566	0.0894529033877719	-0.176977372541389	-0.0235193780919558	0.129938616357478	-0.0733050213773627	-0.00831952932460144	0.0566659627281598
CCL4	-0.00158688043323912	0.0108315228036595	0.0232499260405581	-0.0280022829123614	-0.010410456786511	0.00718136933933943	-0.135171417639853	-0.0485544454341598	0.0380625267715331	0.0380085004751323	0.229232432754218	0.420456365033304	-0.0968985401177704	0.0327624410804679	0.162423422278706	-0.227190696024934	-0.0167759500687438	0.193638795887446	-0.115791524880812	-0.0266863215306827	0.0624188818194464
Gal1	0.00574579440207635	0.00881820776709442	0.0118906211321125	0.00596922302483979	0.0103215830402998	0.0146739430557599	-0.00855762354786633	0.012872115683941	0.0343018549157484	-0.0294291401307887	0.0178812067824029	0.0651915536955945	-0.0416580922600411	-0.00957891718774625	0.0225002578845486	0.000764026379357609	0.0528223357561864	0.104880645133015	-0.0267820856878905	-0.00473673795331642	0.0173086097812576
PDL1	-0.00477720246610103	0.00376325022731054	0.0123037029207221	-0.0119714956432833	0.000126851942349543	0.0122251995279824	-0.0586000362130889	0.000968665129388318	0.0605373664718656	-0.0683027868928284	0.0632067893645404	0.194716365621909	-0.0674490110777674	0.0217221532805126	0.110893317638793	0.0579300945620383	0.202637682933428	0.347345271304817	-0.0663376010458702	-0.00505767967180399	0.0562222417022622
CD27	0.00642295748600304	0.0134271258732686	0.0204312942605343	-0.0069521860896664	0.0029698715271168	0.0128919291439	-0.0574120093782932	-0.00855871906789638	0.0402945712425004	-0.136368868233851	-0.0285156607153387	0.079337546803174	-0.00606368571363182	0.0670670806374011	0.140197846988434	0.185168352231088	0.303845470675901	0.422522589120715	-0.043625020467467	0.00663167006996433	0.0568883606073956
HGF	0.00799327663780137	0.0145240258894372	0.021054775141073	0.00852225311657339	0.0177736683842739	0.0270250836519745	-0.0753943410797519	-0.02984309623609	0.015708148607572	-0.0705650948255538	0.0299982005356291	0.130561495896812	-0.0166421625794394	0.051545618069423	0.119733398718285	-0.0392548776074623	0.0714007291136575	0.182056335834777	-0.0562810420641794	-0.00942125429640464	0.0374385334713701
GZMA	-0.00170107864433855	0.00473806153992897	0.0111772017241965	-0.011866559952362	-0.00274491747057858	0.00637672501120483	-0.0701570407137911	-0.0252447588584185	0.0196675229969541	-0.0651849847721475	0.0339676746352489	0.133120334042645	-0.0799052374396276	-0.0126739502573599	0.0545573369249078	-0.0262803134883299	0.0828230889541985	0.191926491396727	-0.0707297606367309	-0.0245272912391887	0.0216751781583534
HO1	-0.00216573543018682	0.00360930980837005	0.00938435504692691	-0.0153954034847573	-0.00721451341639898	0.000966376651959362	-0.0529763712676991	-0.0126960773062006	0.0275842166552979	-0.0559863105775112	0.0329403282616262	0.121866967100764	-0.0777742783422227	-0.0174768296436165	0.0428206190549897	-0.116510810883024	-0.0186596899638809	0.0791914309552625	-0.0608037427347005	-0.0193663235656384	0.0220710956034236
CX3CL1	0.00816398633493884	0.015017667418373	0.0218713485018071	-0.019432448913466	-0.00972357059458841	-1.46922757108432e-05	-0.021214718220668	0.0265889399941508	0.0743925982089695	-0.154313812299549	-0.0487778732291431	0.056758065841263	-0.0902852676777191	-0.0187257445131443	0.0528337786514306	0.108087718937639	0.224215012964508	0.340342306991376	-0.0781127597286013	-0.0289358538908384	0.0202410519469246
CD70	-0.00242048220684123	0.00409108752041246	0.0106026572476661	-0.00799657202813676	0.00122767365490214	0.010451919337941	-0.0635859867965136	-0.0181685169880665	0.0272489528203807	-0.0824687644127132	0.0177991963549931	0.118067157122699	-0.0677992416896564	0.00018828487638503	0.0681758114424265	-0.0814035979181134	0.0289270350786519	0.139257668075417	-0.00582040984526959	0.0409017599544275	0.0876239297541246
TNFRSF12A	0.00844094502377732	0.0152458167386914	0.0220506884536054	-0.00779410015462429	0.00184563514256699	0.0114853704397583	-0.0501929200563719	-0.00272970172225536	0.0447335166118612	-0.112284487651536	-0.00750013630158125	0.0972842150483732	-0.0304086770495709	0.0406412257964129	0.111691128642397	0.129693306090307	0.244993584704524	0.360293863318742	-0.0420091584581814	0.00681752773987366	0.0556442139379287
CCL23	0.00308092319555836	0.0109417584072454	0.0188025936189324	-0.0137434770642916	-0.00260787101172981	0.00852773504083196	-0.0557603842388809	-0.000931938741062416	0.0538965067567561	-0.221294260597871	-0.100249727617148	0.0207948053635754	-0.0586733006287165	0.023401953906145	0.105477208441007	0.0492959911449217	0.182488287490718	0.315680583836515	-0.0236654270906143	0.0327380659090346	0.0891415589086835
CD5	-0.00422330733654269	0.00216980562771713	0.00856291859197694	-0.011011699708603	-0.00195525907571962	0.00710118155716376	-0.0516637077946442	-0.007072460645591	0.0375187865034622	-0.0951691689315972	0.00327474347879417	0.101718655889186	-0.0558470053551028	0.0109037100181988	0.0776544253915004	0.0313379091618803	0.139661436316077	0.247984963470274	-0.0607792691537455	-0.0149070567723584	0.0309651556090288
CCL3	0.000486302067072383	0.0255635394633721	0.0506407768596718	-0.0263467742113627	0.00917747086078831	0.0447017159329393	-0.212442476770913	-0.0375315535938586	0.137379369583196	-0.285529233663706	0.100620889998584	0.486771013660875	-0.225606808429225	0.0362255016123861	0.298057811653997	-0.243612376068099	0.181290925537307	0.606194227142713	-0.249933892291167	-0.0699983325392193	0.109937227212728
MMP7	0.00836041443315074	0.0124605231127177	0.0165606317922846	-0.00304971039172651	0.00275847586314704	0.00856666211802059	-0.0484806084507723	-0.0198828094613539	0.00871498952806455	-0.0256645509820957	0.0374706918926724	0.100605934767441	0.00106308122547562	0.0438724589103985	0.0866818365953215	0.0856145484650702	0.155085905590956	0.224557262716843	-0.0238310567501532	0.00558826638511984	0.0350075895203929
NCR1	0.00631480414275993	0.0145929891840158	0.0228711742252716	-0.0065976580963027	0.00512916290518364	0.01685598390667	-0.0791340928934434	-0.0213946790611131	0.0363447347712172	-0.114256980814207	0.0132140849520698	0.140685150718347	-0.157745414148427	-0.071312595490988	0.015120223166451	0.150909295626992	0.291173077468013	0.431436859309034	-0.0852707147604014	-0.0258726305301044	0.0335254537001927
DCN	0.00896860845555954	0.0129413743121416	0.0169141401687236	-0.00779368235383201	-0.0021658890816625	0.00346190419050702	-0.0223355931943958	0.00537400386207965	0.0330836009185551	-0.0380726382765698	0.0231017248543081	0.084276087985186	-0.0637831510587986	-0.0223033642288189	0.0191764226011608	-0.00861195985717018	0.0587017279422684	0.126015415741707	-0.0283949510586961	0.000110654916585244	0.0286162608918666
TNFRSF21	0.00513624901834984	0.00919129413531955	0.0132463392522893	-0.00941615971589115	-0.00367181019934046	0.00207253931721023	-0.0295876364304276	-0.001304150744782	0.0269793349408636	-0.0728822275913089	-0.0104408929008668	0.0520004417895753	-0.0336486051692227	0.00869026228735767	0.051029129743938	0.0530511027269261	0.121758912567796	0.190466722408666	-0.0543483597164015	-0.0252523791101402	0.00384360149612111
TNFRSF4	0.00580972960525531	0.0134490498365694	0.0210883700678835	-0.00686261274832275	0.00395919667961234	0.0147810061075474	-0.076235325904051	-0.0229519225933873	0.0303314807172765	-0.134810002112943	-0.0171764523961372	0.100457097320669	-0.0478551652337	0.0319072436673587	0.111669652568417	0.15429998514693	0.283738979443219	0.413177973739508	-0.0870803092044017	-0.0322662425581009	0.0225478240881999
CCL17	-0.0132067858449828	-0.0024737664471639	0.00825925295065501	-0.0247063872451007	-0.00950206447912765	0.00570225828684536	-0.0390956679215867	0.0357659407030838	0.110627549327754	0.0445318206238007	0.209803485211108	0.375075149798416	-0.0675785459053902	0.0444852838634748	0.15654911363234	-0.170475414475142	0.0113825512272936	0.19324051692973	-0.0318807459237144	0.0451313994994503	0.122143544922615
ANGPT2	-0.000398235013969777	0.00591546557908664	0.0122291661721431	-0.00571949960736917	0.00322444599698263	0.0121683916013344	-0.0615270764902544	-0.0174897217392895	0.0265476330116755	-0.102634326853706	-0.00541324040599544	0.091807846041715	0.0765298012657597	0.142451369302396	0.208372937339032	0.0458562863660337	0.152834267430787	0.259812248495541	-0.0675118260201445	-0.0222094176102994	0.0230929907995457
LAMP3	-0.00647885004415848	0.00477704402648952	0.0160329380971375	-0.0384601885409972	-0.0225151650460698	-0.00657014155114246	-0.13559862170797	-0.0570900207816699	0.0214185801446299	-0.158726349058534	0.0145967653907356	0.187919879840005	0.248944942048373	0.366468124507709	0.483991306967046	0.0876182190653896	0.278335660446901	0.469053101828413	-0.0700983585286073	0.0106655457286266	0.0914294499858606
CASP8	-0.000947049539427057	0.0156844633977881	0.0323159763350033	-0.0127441428218488	0.0108159460414269	0.0343760349047026	-0.134981545750701	-0.0189786050875211	0.0970243355756587	-0.187475836362107	0.068623377275527	0.324722590913161	-0.194205270588089	-0.0205550641071898	0.15309514237371	-0.330852384506851	-0.0490516165020591	0.232749151502732	-0.109454332255469	0.00988100530931152	0.129216342874092
ICOSLG	0.00102180412779599	0.00511032325781956	0.00919884238784314	-0.0159025609866099	-0.0101107924093198	-0.00431902383202958	-0.0311657611756901	-0.00264879799676387	0.0258681651821624	-0.065819206221189	-0.00286242423182993	0.0600943577575292	-0.0541092047576367	-0.0114208339635974	0.0312675368304419	-0.00688567307171566	0.0623893132264248	0.131664299524565	-0.0384331676528313	-0.00909700248473781	0.0202391626833557
MMP12	0.0116420190098157	0.0217417208799419	0.031841422750068	-0.0130627245790052	0.00124444485597271	0.0155516142909506	-0.12601550667927	-0.0555712169036564	0.0148730728719573	-0.132507481504626	0.0230120864792438	0.178531654463114	0.0677407996498871	0.173192139029755	0.278643478409623	0.0827587372346116	0.253885907346265	0.425013077457918	-0.0596303055292534	0.0128376254716749	0.0853055564726031
CXCL13	0.00690930734552495	0.0169256266725562	0.0269419459995875	-0.00419132555311864	0.00999772473464889	0.0241867750224164	-0.0687481448266046	0.00111456104648037	0.0709772669195653	-0.169552267923705	-0.0153166603226525	0.1389189472784	-0.0543296806851883	0.0502510586548639	0.154831797994916	-0.301334232478839	-0.131619878192844	0.0380944760931513	-0.053095232593666	0.0187744074421045	0.0906440474778751
VEGFA	0.00325883621293857	0.0109743109191074	0.0186897856252762	-0.00164148147364773	0.00928820786886197	0.0202178972113717	-0.059712452143794	-0.00589787989731806	0.0479166923491579	-0.130045323724618	-0.0112391145390732	0.107567094646472	-0.0540358833349478	0.0265216570934043	0.107079197521756	0.0134299825128746	0.144159321805562	0.274888661098248	-0.087812288686245	-0.0324517943037446	0.0229087000787558
CCL20	-0.000811902558842857	0.0173611937002562	0.0355342899593554	-0.0311528182558465	-0.00540893287382719	0.0203349525081921	-0.237469908273037	-0.110714596536286	0.0160407152004663	-0.200682128064235	0.079155050843411	0.358992229751057	0.104151292480791	0.293897224177023	0.483643155873255	-0.00678061602705821	0.301140407284044	0.609061430595147	-0.1522612669926	-0.0218646768048176	0.108531913382965
KLRD1	0.00640963177795201	0.0157448116123813	0.0250799914468105	-0.00565040811422376	0.00757374457014649	0.0207978972545167	-0.0565268343742386	0.00858499979872242	0.0736968339716835	-0.106718606786346	0.0370285209577365	0.180775648701819	-0.142501714073746	-0.0450327759257529	0.0524361622222401	-0.187919385576494	-0.0297461119401213	0.128427161696251	-0.131727766161332	-0.0647454753153328	0.00223681553066667
GZMB	-0.0118454364129241	0.000165932807085949	0.012177302027096	-0.0197222311940825	-0.00270700670660799	0.0143082177808665	-0.0739043616391053	0.00987359387055647	0.0936515493802183	-0.0876808021668864	0.097275444662149	0.282231691491184	-0.161015296201981	-0.0356041713664359	0.0898069534691092	-0.196626948231833	0.00689110113419971	0.210409150500232	-0.141646235060236	-0.0554616043596971	0.0307230263408418
CD83	0.00110257621748136	0.00772206208887351	0.0143415479602657	-0.0122525927645009	-0.00287547380076396	0.006501645162973	-0.0800804985117861	-0.0339103256803276	0.0122598471511308	-0.116189185706086	-0.0142594855790681	0.0876702145479496	0.0324357497964543	0.101550032586239	0.170664315376023	0.121711074940528	0.233870215807451	0.346029356674375	-0.0469181941036578	0.000578301491778318	0.0480747970872145
IL12	0.00413196869654244	0.015688546684025	0.0272451246715075	0.000394899323752008	0.0167658696238271	0.0331368399239021	-0.125833082667312	-0.0452272450858386	0.0353785924956352	-0.239366562126031	-0.0614133869633735	0.116539788199284	-0.197657521757801	-0.0769948880386237	0.043667745680554	0.109200494474064	0.305012659288767	0.50082482410347	-0.112709665955091	-0.0297882780791861	0.0531331097967183
CSF1	0.00205284871711071	0.00564575657911659	0.00923866444112247	-0.0017394265210809	0.00335026248231739	0.00843995148571568	-0.0388434722729832	-0.0137833421995535	0.0112767878738762	-0.0424139082373089	0.0129112375630617	0.0682363833634322	-0.0269612111431398	0.0105524651206769	0.0480661413844936	0.0446786553653392	0.105556111235163	0.166433567104986	-0.0265459475529491	-0.000765919351653061	0.025014108849643
ARG1	-0.00372592498566113	0.000380127686931533	0.0044861803595242	-0.00770524947050242	-0.00188864299526662	0.00392796347996918	-0.0551813192450044	-0.0265420615697244	0.00209719610555555	-0.050660302299767	0.0125664687447777	0.0757932397893223	-0.0515902056492175	-0.00871876652585923	0.0341526725974991	0.000498848311587891	0.0700709191732594	0.139642990034931	-0.0235137817439964	0.005948191053811	0.0354101638516185
IL4	-0.0143383440846614	-0.000418190655028102	0.0135019627746052	-0.0409628037223873	-0.0212436084194308	-0.00152441311647438	-0.0654331500872094	0.0316583615759802	0.12874987323917	-0.423531439997454	-0.209182910161224	0.00516561967500564	-0.230600023399603	-0.0852592160763708	0.0600815912468612	-0.232676712478745	0.00318336483494537	0.239043442148635	-0.140483485237836	-0.0406028421027334	0.0592778010323694
IL5	-0.00998630022606304	0.00949434182398343	0.0289749838740299	-0.0217771729014001	0.00581897301421081	0.0334151189298217	-0.166867807507673	-0.0309925102726528	0.104882786962367	-0.194606052410319	0.10536528086566	0.405336614141639	-0.20550231664318	-0.00210425375248728	0.201293809138206	-0.247003916664805	0.0830718805073034	0.413147677679412	-0.110720772726162	0.0290577912443515	0.168836355214865
CD28	-0.00428181654379598	0.000463706212625365	0.00520922896904671	0.00102207115486215	0.00774454663054818	0.0144670221062342	-0.0115232822691917	0.0215762076453495	0.0546756975598907	-0.0729025462119093	0.00017106115062693	0.0732446685131631	-0.0381790453431411	0.0113691232223554	0.060917291787852	-0.0791540003130771	0.00125311372351696	0.081660227760111	-0.0408863168162943	-0.006835983440327	0.0272143499356403
FGF2	-0.00538027093123946	0.00274869195204038	0.0108776548353202	-0.00324634936767255	0.00826908453297961	0.0197845184336318	-0.0647461663175462	-0.00804756033009842	0.0486510456573493	-0.0581958903600275	0.0669773882200068	0.192150666800041	-0.0861480794724039	-0.00127329456943315	0.0836014903335376	-0.25832603502222	-0.120590641240644	0.0171447525409319	-0.0743831071024498	-0.0160557298283649	0.04227164744572
NOS3	-0.00086839502520637	0.00528517745582315	0.0114387499368527	-0.00311073634699806	0.00560637285569237	0.0143234820583828	-0.021616875665512	0.0213036034321022	0.0642240825297164	-0.0710343674404965	0.0237209972339647	0.118476361908426	-0.0740310288086512	-0.00978136397299477	0.0544683008626616	-0.0705994947998406	0.0336653100723028	0.137930114944446	-0.0498669963880281	-0.00571354792996119	0.0384399005281057
ADGRG1	0.0217700759914915	0.0361925916446397	0.0506151072977879	0.0252944659382827	0.0457253041730784	0.0661561424078742	-0.118596475143127	-0.0180010432156886	0.0825943887117495	-0.274723048242954	-0.0526389280915745	0.169445192059805	-0.0833151029411757	0.0672708858740156	0.217856874689207	0.0423378389142483	0.286709833390105	0.531081827865963	-0.218585939394111	-0.115100719468595	-0.0116154995430793
MICAB	0.000254087393817076	0.0257772783724509	0.0513004693510846	-0.0328087178304517	0.00334726207354229	0.0395032419775363	-0.128548675177291	0.0494727243073203	0.227494123791932	-0.489448635296378	-0.0964315259193309	0.296585583457716	-0.293287983372079	-0.0267994564279197	0.239689070516239	-0.18980849340603	0.242650949511994	0.675110392430017	-0.315035738397272	-0.131900348209755	0.0512350419777612
CD4	0.000663832665822489	0.00658464357114939	0.0125054544764763	0.000822051851443526	0.00920943257854598	0.0175968133056484	-0.0494225059847057	-0.00812551281749536	0.033171480349715	-0.0989597590189271	-0.0077885575368061	0.0833826439453149	-0.0243479343681378	0.0374714587397352	0.0992908518476081	0.00456304283871184	0.104883985775828	0.205204928712944	-0.0734569653525042	-0.0309736404312099	0.0115096844900844
IL10	-0.00328863045247046	0.00445935675117967	0.0122073439548298	-0.0165080124733018	-0.00553226614651665	0.00544348018026855	-0.0668933239569571	-0.0128519806806672	0.0411893625956228	-0.0413438035523979	0.0779630471003303	0.197269897753058	0.0207878423504659	0.101684846898658	0.18258185144685	0.0252394893636141	0.156519713401097	0.28779993743858	-0.0777711444161727	-0.0221773645907512	0.0334164152346704
CD8A	-0.00808911309787327	0.00370469654665488	0.015498506191183	-0.0120960312602246	0.00461099980246884	0.0213180308651622	-0.130417669070585	-0.0481571672418128	0.0341033345869594	-0.241464910975363	-0.0598587403787546	0.121747430217854	-0.0896392381995438	0.0335003395225815	0.156639917244707	0.140107655374706	0.339939422218574	0.539771189062441	-0.168824143159568	-0.0842005577757475	0.00042302760807246
CCL19	-0.0135260628004545	0.00051836491498051	0.0145627926304155	-0.0177552195885125	0.00214002182810549	0.0220352632447234	-0.111070624467177	-0.0131123135743426	0.0848459973184921	-0.26039582759341	-0.0441336686730835	0.172128490247243	-0.0130845872747899	0.133553772199662	0.280192131674114	-0.0950466760114214	0.142919077996528	0.380884832004477	-0.118268061850834	-0.0174957190908831	0.0832766236690675
CXCL10	0.00192490558472524	0.0160939797897908	0.0302630539948564	-0.0179557335008367	0.00211608129087215	0.022187896082581	-0.104918317521828	-0.00609061131931382	0.0927370948832003	-0.135699704850811	0.0824818145087966	0.300663333868404	-0.124329981586197	0.0236098162326309	0.171549614051458	-0.193013917896213	0.0470638193473918	0.287141556590997	-0.0943969277980034	0.00726978524398233	0.108936498285968
PTN	0.0637490380006791	0.0763944069266018	0.0890397758525246	-0.0196819681004986	-0.00176862391297151	0.0161447202745556	-0.0927970823148822	-0.00459704983945672	0.0836029826359688	-0.16425849190024	0.0304603560068616	0.225179203913963	-0.149482736823655	-0.017451998952532	0.114578738918591	-0.214658275291724	-0.000397871654287734	0.213862531983148	-0.065975084787048	0.0247586551380499	0.115492395063148
IL12RB1	0.00396783703549473	0.0104720937742056	0.0169763505129165	-0.00469690464136902	0.00451698151150721	0.0137308676643834	-0.0651989863525514	-0.0198325238204237	0.025533938711704	-0.0946996835133471	0.00545566870081289	0.105611020914973	-0.0531437219739033	0.0147674494237755	0.0826786208214543	0.00505122408905107	0.115257947385265	0.225464670681479	-0.0541788904157153	-0.00750919316975725	0.0391605040762008
VEGFC	-0.00882725714358366	-0.00254326463006854	0.00374072788344658	-0.00851927391972844	0.000382587419854872	0.00928444875943818	-0.0274679136148277	0.0163622306074706	0.0601923748297689	-0.0515149259705498	0.0452487026476816	0.142012331265913	-0.146552391785798	-0.0809410068435065	-0.0153296219012148	-0.232147565146537	-0.125672951373881	-0.0191983376012244	-0.0349837903370335	0.0101054550422535	0.0551947004215406
MCP3	0.00766791585908256	0.041846793707654	0.0760256715562254	-0.0180234980325014	0.0303940694130627	0.0788116368586268	-0.319358629666773	-0.0809647833601005	0.157429062946572	-0.366928095730374	0.159373015484198	0.685674126698771	-0.511318473434292	-0.154455618076788	0.202407237280716	-1.18852125765309	-0.60940172333115	-0.0302821890092088	-0.295308723034242	-0.0500665769323114	0.19517556916962
CXCL5	-0.0124721271268592	-0.00492450677142627	0.0026231135840067	-0.00772375058707602	0.00296815741621622	0.0136600654195085	-0.0789866358322798	-0.0263428288891152	0.0263009780540494	-0.0906512161437938	0.0255702993105567	0.141791814764907	-0.0893188421687655	-0.0105138748691498	0.0682910924304659	-0.153652304375375	-0.0257670529975316	0.102118198380311	-0.0145438843019652	0.0396122123999156	0.0937683091017963
CXCL11	-0.015181670944005	0.00203200329131439	0.0192456775266337	-0.00890599440070104	0.0154787802243494	0.0398635548493999	-0.267130012695464	-0.147066562157127	-0.0270031116187887	-0.183906909772768	0.0811566747683173	0.346220259309402	-0.141370132101622	0.0383584407914378	0.218087013684498	-0.256049294218276	0.0356154892568903	0.327280272732057	-0.0987751058898193	0.0247373871321154	0.14824988015405
PDL2	-0.00304571133476112	0.00322307874914144	0.009491868833044	-0.0151545942053739	-0.00627426852487109	0.00260605715563167	-0.054211706576217	-0.0104875975983933	0.0332365113794303	-0.121177971012612	-0.0246484359662557	0.0718810990801007	-0.0430903023575769	0.0223623534870555	0.0878150093316879	0.0139649217931803	0.12018194887745	0.22639897596172	-0.0588887213618497	-0.0139085572836125	0.0310716067946247
LAPTGFbeta1	-0.00577984277360241	-0.00130427651799165	0.00317128973761911	-0.00394846500861491	0.00239159191186652	0.00873164883234796	0.000746293524705878	0.0319628670705807	0.0631794406164555	-0.0555642287483193	0.0133524719133685	0.0822691725750563	-0.0222862749572374	0.0244432683705201	0.0711728116982776	-0.0185886009468722	0.0572444283661318	0.133077457679136	-0.0510009572667755	-0.0188876304802659	0.0132256963062437
