	Age			BMI			Education			Aspirin			Smoking			Diabetes			PSA		
Analyte	Af-AA	Af-EA	AA-EA	Af-AA	Af-EA	AA-EA	Af-AA	Af-EA	AA-EA	Af-AA	Af-EA	AA-EA	Af-AA	Af-EA	AA-EA	Af-AA	Af-EA	AA-EA	Af-AA	Af-EA	AA-EA
TNFRSF9	1	1	0	1	1	0	0	1	0	0	0	0	0	0	0	0	0	1	0	0	0
TIE2	0	0	0	0	0	0	0	0	0	0	0	0	0	0	0	0	0	0	0	0	0
CD244	0	0	0	0	1	0	1	0	0	0	0	0	0	0	0	0	0	0	0	0	0
ANG1	0	1	1	0	1	0	0	0	0	0	0	0	1	0	0	1	1	0	0	0	0
IL7	0	0	0	0	1	0	0	1	0	0	1	0	0	0	0	0	0	0	0	0	0
PGF	0	1	0	0	0	0	0	0	0	0	0	0	0	0	0	0	1	1	0	0	0
IL6	1	0	0	1	1	0	0	0	0	0	0	0	0	0	0	0	0	0	0	1	1
CRTAM	0	1	0	1	1	0	0	0	0	0	0	0	0	0	0	0	0	0	0	0	0
MCP4	0	0	0	1	1	0	0	0	0	0	0	0	0	0	0	0	0	0	0	0	0
CXCL9	0	1	1	0	1	0	1	1	0	1	0	0	0	0	0	0	0	1	0	0	0
CAIX	1	0	1	0	0	0	0	0	0	0	0	1	0	0	0	1	0	1	0	0	0
ADA	0	0	1	0	1	0	0	0	0	0	0	0	0	0	0	0	0	0	0	0	0
Gal9	0	0	0	1	1	0	0	0	0	0	0	0	0	0	0	1	0	0	0	0	0
VEGFR2	1	1	0	1	0	0	1	1	0	0	0	0	0	0	0	0	1	0	0	0	0
CD40	0	0	0	0	0	0	0	0	0	0	0	0	0	0	0	0	0	0	0	0	0
IL18	0	0	0	1	1	0	0	0	0	1	0	0	0	0	0	0	0	0	0	0	0
GZMH	0	0	0	0	0	0	0	0	0	0	0	0	0	0	0	0	0	0	0	0	0
TNFSF14	0	1	1	0	0	0	0	0	0	0	0	0	0	0	0	0	0	0	0	0	0
TWEAK	0	1	1	0	1	1	0	0	0	0	0	0	0	0	1	0	1	0	0	0	0
PDGFsubunitB	0	0	0	0	0	0	0	1	0	0	0	0	0	0	0	0	1	0	0	0	0
PDCD1	0	1	0	0	1	0	0	0	0	0	0	0	0	0	0	0	0	1	0	0	0
MCP2	1	0	0	1	0	0	0	0	0	0	0	0	0	0	0	0	0	1	0	0	0
CCL4	1	0	0	0	1	0	0	0	0	0	0	0	0	0	0	0	0	1	0	0	0
Gal1	1	0	0	0	0	0	0	0	0	0	0	0	0	0	0	0	0	0	0	0	0
CD27	0	1	1	1	1	0	0	0	0	0	0	0	0	0	0	0	0	1	0	0	0
HGF	0	0	1	0	0	0	0	0	0	0	0	0	0	0	0	0	0	0	0	0	0
GZMA	0	0	0	0	1	0	0	0	0	0	0	0	0	0	0	0	0	0	0	0	0
HO1	0	0	0	0	0	0	0	0	0	0	0	0	0	1	0	0	0	0	0	0	0
CX3CL1	0	0	0	0	0	0	0	0	0	0	0	0	0	0	0	0	1	1	0	0	0
CD70	0	0	0	0	0	0	0	0	0	0	0	0	0	0	0	0	0	0	0	0	0
TNFRSF12A	0	1	1	0	0	0	0	0	0	0	0	0	0	0	0	0	0	0	0	0	0
CCL23	0	0	0	0	0	0	0	0	0	0	0	0	0	1	0	0	1	1	0	0	0
CD5	0	1	0	0	0	0	0	0	0	0	0	0	0	0	0	0	0	0	0	0	0
CCL3	1	1	0	0	1	0	0	0	0	1	1	0	0	1	0	0	0	0	0	0	0
MMP7	0	0	0	0	0	0	0	1	0	0	0	0	0	0	0	0	0	0	0	0	0
NCR1	0	1	0	0	1	0	0	0	0	0	0	0	0	0	0	0	0	1	0	0	0
DCN	1	1	0	0	0	0	0	0	0	0	0	0	0	0	0	0	0	0	0	0	0
TNFRSF21	1	1	0	0	0	0	0	0	0	0	0	0	0	0	0	0	0	0	0	0	0
TNFRSF4	0	1	0	0	0	0	0	0	0	0	0	0	0	0	0	0	0	1	0	0	0
ANGPT2	0	0	1	0	0	0	0	0	0	0	0	0	0	1	0	0	0	0	0	0	0
LAMP3	0	0	1	0	1	1	0	0	0	0	0	0	1	1	0	1	0	1	0	0	0
ICOSLG	0	0	0	0	0	0	0	0	0	0	0	0	1	1	0	0	0	0	0	0	0
MMP12	0	1	1	0	0	0	0	0	0	0	0	0	0	1	0	0	0	0	0	0	0
CXCL13	0	0	0	0	0	0	0	0	0	0	1	0	0	0	0	0	0	0	0	0	0
VEGFA	0	0	1	0	0	0	0	0	0	0	0	0	0	0	0	0	0	0	0	0	0
CCL20	0	0	0	0	0	0	0	0	0	0	0	0	0	0	0	1	0	0	0	0	0
KLRD1	1	1	0	1	1	0	1	1	0	0	0	0	0	0	0	0	0	0	0	0	0
GZMB	0	0	0	0	0	0	1	1	0	0	0	0	0	0	0	0	0	0	0	1	1
CD83	0	1	0	0	1	0	0	0	0	0	0	0	0	0	0	0	0	1	0	0	0
IL12	0	0	0	0	0	0	0	0	0	0	0	0	0	0	0	0	0	0	0	0	0
CSF1	0	0	0	1	1	0	0	0	0	0	0	0	0	0	0	0	0	0	0	0	0
ARG1	0	1	1	0	0	0	0	0	0	0	0	0	0	0	0	1	0	0	0	0	0
NOS3	0	0	0	0	0	0	0	0	0	0	0	0	0	1	0	0	0	0	0	0	0
ADGRG1	0	1	0	1	1	0	0	0	0	0	0	0	0	0	0	0	1	1	0	0	0
CD4	0	0	0	1	1	0	0	0	0	0	1	0	0	1	0	0	0	0	0	0	0
IL10	0	1	0	1	1	0	1	1	0	0	0	0	0	0	1	1	0	1	0	1	1
CD8A	0	0	0	0	0	0	0	0	0	0	1	0	1	1	0	0	0	0	1	0	0
CCL19	0	0	0	0	0	1	0	0	0	0	0	0	0	0	0	0	0	0	0	0	0
CXCL10	0	0	0	0	0	0	0	0	0	0	0	0	0	0	0	0	0	1	0	0	0
PTN	1	1	1	0	0	0	0	0	0	0	0	0	0	0	1	0	0	0	0	0	0
IL12RB1	0	1	0	0	0	0	0	1	0	0	0	0	0	1	0	0	0	0	0	0	0
VEGFC	0	1	1	1	1	0	0	1	0	0	0	0	1	0	0	0	0	0	0	0	0
CXCL11	0	0	0	0	1	0	0	0	0	0	0	0	0	0	0	0	0	0	0	0	0
