Analyte	Fstat	Fstat.pval	Fstat.pval.adj	Age.est	Age.se	Age.pval	Age.pval.adj	BMI.est	BMI.se	BMI.pval	BMI.pval.adj	Education.est	Education.se	Education.pval	Education.pval.adj	Aspirin.est	Aspirin.se	Aspirin.pval	Aspirin.pval.adj	Smoking.est	Smoking.se	Smoking.pval	Smoking.pval.adj	Diabetes.est	Diabetes.se	Diabetes.pval	Diabetes.pval.adj	PSA.est	PSA.se	PSA.pval	PSA.pval.adj
IL8	1.28517314990677	0.255897469708342	0.287446472823069	-0.0271040274640049	0.0172430025835219	0.116710867825997	0.427038102163354	-0.00297747772693617	0.0301816542690094	0.921460519992709	0.921460519992709	-0.148568612759013	0.127353086813685	0.244021772664774	0.427038102163354	-0.348386029256268	0.284825803013084	0.221939604183209	0.427038102163354	-0.13445736119258	0.218122360488764	0.537935612343707	0.732766328028613	-0.18355375200475	0.378640512119831	0.628085424024525	0.732766328028613	0.18682070181452	0.137675997610519	0.175504423078921	0.427038102163354
TNFRSF9	12.8835858818648	4.55191440096314e-15	3.73256980878978e-14	0.0251358302214975	0.00291677563997373	1.30845893335203e-16	9.15921253346419e-16	0.00830896245437518	0.00510543993249086	0.104367594211221	0.243524386492849	-0.0188923106482733	0.0215426738756391	0.380990671569076	0.444489116830589	-0.0980570896549548	0.0481802957368017	0.0424409244368778	0.148543235529072	0.0340433220953797	0.0368969374403033	0.356700714305713	0.444489116830589	0.077304985389917	0.0640497162085749	0.228112309568341	0.399196541744596	-0.00377402941801458	0.0232888671270745	0.871340106414334	0.871340106414334
TIE2	2.21537096844294	0.0320738694788034	0.0482468839692831	-0.0045106215739097	0.0016281753908082	0.00584162628177883	0.0408913839724518	4.10432559030779e-05	0.00284991123191291	0.988516254053753	0.988516254053753	0.0161069658424008	0.0120253512048799	0.181140661626646	0.395869637994693	-0.0343535511137797	0.026894756924543	0.202172474167767	0.395869637994693	0.0249607973562971	0.0205962655177114	0.226211221711253	0.395869637994693	0.029612471194033	0.0357532373384708	0.407989663796619	0.571185529315267	-0.00220060840887701	0.0130000949735189	0.865658708391551	0.988516254053753
CD40L	0.852337643967476	0.544460959588164	0.558072483577868	-0.00525750665558578	0.00543810703707346	0.334191271273118	0.779779632970609	0.00452872795644705	0.00951870567065093	0.634478297850591	0.989075553938738	-0.0497625768053742	0.0401646821219156	0.216033289749693	0.756116514123925	-0.00123066281863207	0.0898285084748382	0.989075553938738	0.989075553938738	-0.0183434011386973	0.0687915424109822	0.789864656320635	0.989075553938738	-0.211311737595036	0.119415839759121	0.0775099624232282	0.542569736962597	-0.003349504871217	0.0434203270465991	0.938546854785104	0.989075553938738
CD244	1.54989748339611	0.148651107849097	0.190459231931655	-0.00184505475435492	0.0023332962989	0.429524608991119	0.601334452587567	0.00251088663589939	0.00408413452700273	0.53901758906174	0.628853853905363	-0.029262194088657	0.0172332216895816	0.0902275365556321	0.315796377944712	-0.0330567024039339	0.0385421847953994	0.391548130330469	0.601334452587567	-0.0551895129372581	0.0295159786684792	0.0621868080284266	0.315796377944712	0.00980686589128797	0.0512370453616409	0.848300895542792	0.848300895542792	-0.0232299568062042	0.0186301019277802	0.213109718030289	0.497256008737341
EGF	1.52687609677644	0.156134263398196	0.196969378440801	-0.0135538215733634	0.00618577973757298	0.0289773481142788	0.202841436799952	0.00755938192119892	0.0108274103955704	0.485446878732795	0.752951282082084	-0.0674274008599662	0.0456868309398907	0.140711454945512	0.36815853992732	-0.00928010100723549	0.102178821378824	0.927676097035673	0.927676097035673	-0.0147087118961861	0.0782495317325064	0.850987157136891	0.927676097035673	-0.192209044682424	0.13583404609203	0.157782231397423	0.36815853992732	0.0304540622442191	0.0493900869204272	0.537822344344346	0.752951282082084
ANG1	5.27791953453348	8.43596633059995e-06	2.38534220382481e-05	-0.0101981870539712	0.00186221987005376	7.39005007344281e-08	5.17303505140997e-07	-0.00276466541154947	0.00325957593630206	0.396815643311358	0.563257891932362	-0.0107458755900199	0.0137539530965311	0.435058771214485	0.563257891932362	0.076722507182418	0.0307607835297701	0.01299900430594	0.0454965150707901	0.00184773863595869	0.0235569061616553	0.937516655834978	0.937516655834978	-0.07330079103314	0.0408926393104362	0.0737512124805911	0.172086162454713	0.0104442464301008	0.0148688128496131	0.482792478799167	0.563257891932362
IL7	4.05929254794746	0.000251675083050795	0.000543088337109611	-0.00824601760654457	0.0037104538432613	0.0267763296291881	0.144763998423517	-0.0100713959058401	0.0064946713622516	0.121703521652313	0.207539046050194	0.0560702735954206	0.0274046093845977	0.041361142406719	0.144763998423517	-0.00141415451957322	0.0612905432409921	0.981602749395643	0.981602749395643	-0.0618300108569855	0.0469368920439757	0.188437646070914	0.219843920416066	-0.143488849587667	0.0814781611615637	0.0789354111678533	0.184182626058324	0.0429091869411103	0.0296259559194734	0.148242175750139	0.207539046050194
PGF	15.0778530720784	0	0	0.0182316057250092	0.0020093667255324	4.14071265556565e-18	2.89849885889595e-17	0.00284278117526965	0.00351713754700856	0.419383614056055	0.715329940438382	-0.00440714299701917	0.0148407479380537	0.766638334952603	0.766638334952603	-0.0345689726072672	0.0331914055208963	0.29822568365878	0.695859928537154	0.0136533487645776	0.0254183000401305	0.591443669066371	0.715329940438382	0.0223251204278744	0.0441238492140118	0.613139948947185	0.715329940438382	0.0258723918798139	0.0160437004612773	0.107559039495402	0.376456638233906
IL6	2.9127460021669	0.00549128009906186	0.010721070669597	0.0101207732221747	0.00753993219135577	0.180208690067864	0.420486943491682	0.014024416012058	0.0131976797839575	0.288539120727707	0.43503674178411	-0.145061469395266	0.0556883080127045	0.00950837534868576	0.0665586274408003	-0.0347991035695167	0.124547173884867	0.780068059968686	0.780068059968686	0.0967970517950096	0.095379432876465	0.310740529845793	0.43503674178411	-0.110775214995741	0.165569991215569	0.503819431870987	0.587789337182818	0.112704289625479	0.060202257775719	0.0618705528418938	0.216546934946628
MCP1	1.41113830817522	0.198832599920504	0.23629381439828	-0.000825811552484792	0.00361215802144022	0.819272714721047	0.853152223350368	-0.00457777401253204	0.00632261719152805	0.469439202990878	0.821518605234036	-0.0365763609194357	0.0266786177094723	0.171088694155026	0.399206953028394	0.0110508401192745	0.0596668593003671	0.853152223350368	0.853152223350368	-0.011977537658509	0.0456934591454453	0.793347950847467	0.853152223350368	-0.132417318555725	0.0793196751245007	0.095761622452391	0.335165678583369	0.0521644085402803	0.0288411172427631	0.0711971680103006	0.335165678583369
CRTAM	6.55501280492945	2.28126816104179e-07	9.35319946027135e-07	0.0195879073682042	0.00352438232800828	4.79402388847468e-08	3.35581672193228e-07	0.00291299624834968	0.00616897715003567	0.637022421752432	0.637022421752432	-0.065256296467529	0.0260303254267551	0.0125454142252743	0.04390894978846	-0.121894772387048	0.0582169504317878	0.0368613155710458	0.0860097363324402	-0.0245353927103024	0.0445831048813213	0.582378570855195	0.637022421752432	0.126006394788864	0.0773922014521076	0.104223035062676	0.145912249087747	-0.0529681725151974	0.0281402760696169	0.0604700405771412	0.105822571009997
MCP4	2.83042722335783	0.00680207315353687	0.0123948888575561	0.00922440991949583	0.00423371540294414	0.0298877305333442	0.104607056866705	-0.00740057468127997	0.00741057330045014	0.318524233989202	0.445933927584882	-0.0751766735876412	0.0312693060645272	0.0166304333071274	0.104607056866705	-0.0307825450257989	0.069933956312505	0.66003758629216	0.770043850674187	0.0096428602307694	0.053556101546393	0.857196704404014	0.857196704404014	-0.140238293461405	0.0929685047934942	0.132172186346569	0.308401768141993	0.04380457248422	0.0338039148852405	0.195723041779863	0.34251532311476
TRAIL	0.857130019436588	0.540567616128892	0.558072483577868	-0.00384870311388929	0.00196155731785485	0.0503979905501508	0.352785933851056	-0.0007814822484236	0.00343345333909057	0.820058749593618	0.842655265215094	-0.0095204819004176	0.0144876379958045	0.511438306243407	0.842655265215094	0.0173069403806206	0.0324016734039186	0.593521976286944	0.842655265215094	-0.031201352309908	0.0248135155308385	0.209277518764896	0.732471315677138	-0.00855526930734676	0.0430739984980772	0.842655265215094	0.842655265215094	0.0074490275543313	0.0156619683432606	0.634591445990306	0.842655265215094
CXCL9	26.4116657505213	0	0	0.0586912659299655	0.00464959970931292	2.65471253610806e-31	1.85829877527565e-30	0.00329681061687824	0.00813852519223519	0.685614558731546	0.685614558731546	-0.0392092266719614	0.0343409375809574	0.254186299473351	0.685614558731546	-0.0404380446286299	0.0768036752578137	0.598803468961411	0.685614558731546	0.0254926872258884	0.0588169988962594	0.664923752496804	0.685614558731546	-0.0706902318770418	0.10210094248718	0.489086437090347	0.685614558731546	-0.0218488760164694	0.0371245248829794	0.556485260492224	0.685614558731546
CAIX	1.78138720233254	0.0892139223150763	0.123992231014174	0.0044592094514262	0.00377855399177975	0.238596857317041	0.544806699034567	-0.0132789171408161	0.00661387189755838	0.0452948593166617	0.317064015216632	-0.00870708620245254	0.0279075823490965	0.755193564565122	0.755193564565122	0.0833897482709394	0.0624154447419414	0.182240047507022	0.544806699034567	0.0299133789006819	0.0477983525159862	0.531761331830404	0.744465864562565	0.0376028715712717	0.0829735779247151	0.650639340931656	0.755193564565122	0.0305815383975741	0.0301696985675004	0.311318113734038	0.544806699034567
ADA	1.47250243167948	0.175106279984137	0.211157572922048	-0.00752938780620247	0.00399752633993224	0.0603040713074508	0.420347190761996	0.00908555139036771	0.0069971547785067	0.194822371798139	0.420347190761996	0.00259630504189057	0.0295248647411267	0.929968209876663	0.929968209876663	-0.0776617756077849	0.0660325047405171	0.240198394721141	0.420347190761996	0.0653364012139718	0.0505683321195637	0.197034998794277	0.420347190761996	-0.0276804696845743	0.0877820097301928	0.752662271614908	0.878105983550727	0.0137980011418222	0.0319180736741551	0.66574373597915	0.878105983550727
Gal9	5.84669770200917	1.6956227117948e-06	5.79337759863222e-06	0.00902297023284928	0.00238927150939541	0.000181406870859827	0.00126984809601879	0.0127069221765275	0.00418211192059322	0.0025230382045834	0.00883063371604192	-0.0313189055420188	0.017646642484893	0.0766399987514142	0.1788266637533	-0.0349507281491509	0.0394668024309276	0.376341558621895	0.432041894960158	0.0237694118280842	0.0302240598151922	0.432041894960158	0.432041894960158	0.0556384063717403	0.0524662096133619	0.289528496463868	0.405339895049415	0.022854692924117	0.0190770335401305	0.231567100058277	0.405242425101984
VEGFR2	7.93444048056171	4.5641667112406e-09	2.07923150178739e-08	-0.0111359918383684	0.0016148773548621	1.91458944922942e-11	1.34021261446059e-10	-0.000387381377725538	0.00282663473343546	0.891057760988673	0.891057760988673	-0.00770451458411342	0.0119271347882151	0.518645637212266	0.605086576747644	0.0225461785994703	0.0266750954271618	0.398460017098007	0.55784402393721	0.0275202666477983	0.0204280466140502	0.178629936460016	0.312602388805028	-0.0533177106570833	0.0354612246732502	0.133429743673022	0.312602388805028	0.0183726581750854	0.0128939173889438	0.154907230777629	0.312602388805028
CD40	2.34565164505385	0.0232864257935563	0.0360280550013513	0.00430320468334576	0.0027911664540682	0.123874852349933	0.289041322149843	-0.00548837353679246	0.00488557723725266	0.261900282085487	0.458325493649602	-0.0519302078244907	0.0206149516022277	0.0121278240553918	0.0848947683877424	-0.0365589375420738	0.0461054403241166	0.428247919069975	0.599547086697966	0.00327299407379829	0.0353079930557	0.926186249207875	0.926186249207875	0.0274598304497156	0.0612914537628175	0.654363486810901	0.763424067946051	0.0355065994463458	0.0222859460931755	0.111842057084298	0.289041322149843
IL18	1.19590830043726	0.30364988957185	0.336476904660699	-0.00282808340720557	0.00361750109833676	0.434774195063734	0.684662130111066	0.00884343695600563	0.00633196955918229	0.163242756219708	0.571349646768979	-0.0302246789513913	0.0267180805195346	0.258581288435505	0.603356339682845	-0.004892736321732	0.0597551180685396	0.934780318406676	0.934780318406676	0.068567394416326	0.0457610485655188	0.134766840273623	0.571349646768979	-0.0550040380436014	0.0794370041895868	0.489044378650762	0.684662130111066	0.00712258958494218	0.028883778805822	0.805339236429546	0.934780318406676
GZMH	1.56029093361439	0.145375839024283	0.189219346031606	0.00799295589239137	0.00690426244157798	0.247634054858537	0.535147982697964	0.0106331467184653	0.0120850217927446	0.37942459809807	0.535147982697964	-0.0958851496172851	0.0509933887585807	0.0607352370164278	0.425146659114994	-0.0997517926876077	0.114046963955965	0.382248559069974	0.535147982697964	0.0464129961147547	0.0873382703445208	0.595403969915057	0.595403969915057	-0.0977112940609219	0.151611266890783	0.519603378571342	0.595403969915057	0.0768149095965527	0.0551267805479234	0.164210133775901	0.535147982697964
CXCL1	1.11211475032003	0.35423733910764	0.377239763725019	-0.00122058213506594	0.00398315202823723	0.759420495643955	0.947845437269633	-0.0124049017608265	0.00697199439800845	0.0759038693556365	0.265663542744728	-0.056990172923458	0.0294186991846168	0.053372847063874	0.265663542744728	0.00430633864829514	0.0657950649529011	0.947845437269633	0.947845437269633	0.00334572812676494	0.0503864984289329	0.947089138729411	0.947845437269633	0.0241982791007947	0.0874663630372687	0.782175260465573	0.947845437269633	0.0296941843784503	0.0318033026130833	0.350990510250549	0.818977857251281
TNFSF14	2.51936303134222	0.0150808058067642	0.0257630432532222	-0.0182452790242249	0.00567097678539696	0.00139160153987489	0.00974121077912423	-0.0043536393438136	0.00992631415992459	0.661174231019301	0.74136589356979	-0.0779993031095515	0.0418846077051122	0.0632491667686371	0.22137208369023	0.0309369117988508	0.0936751304736705	0.74136589356979	0.74136589356979	0.0919290194097303	0.0717373228192788	0.200718635121106	0.427132541187332	-0.0711268039553265	0.124529445718137	0.568185808457607	0.74136589356979	0.0528166709589379	0.0452796653351862	0.244075737821333	0.427132541187332
TWEAK	6.51766935339851	2.53605373146115e-07	9.90268599903878e-07	-0.00806111135918797	0.00201829118037627	7.63728711018332e-05	0.000534610097712833	-0.012871361693063	0.0035327586553006	0.000301807139627551	0.00105632498869643	-0.00359537999437823	0.0149066620308569	0.80952036719182	0.83201036730212	0.0198276658874703	0.0333388227125975	0.552334688048155	0.83201036730212	-0.0114933191076159	0.0255311935543078	0.652815852721919	0.83201036730212	-0.1107111934039	0.0443198220520431	0.0128610703475442	0.0300091641442699	0.00342044050045367	0.0161149573794276	0.83201036730212	0.83201036730212
PDGFsubunitB	3.82804416295027	0.000474274796610552	0.000997193162104238	-0.00292260885484623	0.000807753971738192	0.000331843631959785	0.0023229054237185	0.00024369105816889	0.00141386924877685	0.863237336084131	0.863237336084131	-0.00814776091332951	0.00596589608965084	0.172738224018982	0.266045679660954	0.00234997495158664	0.01334275585258	0.860279518314162	0.863237336084131	-0.0134116666685034	0.0102180117503481	0.190032628329253	0.266045679660954	-0.0395655898264922	0.0177375359102514	0.0262207033068068	0.0917724615738237	0.0124443973083393	0.0064494761480341	0.0543223201523188	0.126752080355411
PDCD1	4.06528810109663	0.000247559463485869	0.000543088337109611	0.0177044358678675	0.00369908283215698	2.33980802961256e-06	1.63786562072879e-05	0.0101868387522287	0.00647476787246337	0.116380031212356	0.247448014688478	-0.0380610797137934	0.0273206255565311	0.164299709148339	0.247448014688478	-0.0229683996666247	0.0611027129977864	0.707177528185493	0.707177528185493	-0.0633133889188687	0.0467930498232718	0.176748581920342	0.247448014688478	-0.0731697519211645	0.0812284641933585	0.368203276994099	0.429570489826449	-0.0644043639984123	0.0295351645802014	0.0297531648613724	0.104136077014803
FASLG	1.36366353697448	0.218975222244798	0.252900960902443	-0.00291525287133815	0.00264747353376312	0.271448024233566	0.475034042408741	-0.00198627561594533	0.00463406129502942	0.668410112521191	0.708151038016113	-0.0073245714443993	0.0195536667786894	0.708151038016113	0.708151038016113	0.0262402261685811	0.0437318716132762	0.548804756257584	0.708151038016113	-0.0534348196564801	0.0334902911322299	0.11132635374406	0.399640122775234	-0.0920223018190974	0.0581360891058347	0.114182892221495	0.399640122775234	0.0256489949777866	0.0211386362753671	0.225652789099986	0.475034042408741
MCP2	2.21171703689068	0.032360714857446	0.0482468839692831	-0.00259248961305048	0.00408659078876523	0.526163338969354	0.824903193661664	0.00158352593678981	0.00715305062027303	0.824903193661664	0.824903193661664	-0.0139673220314107	0.0301826754924329	0.643770259904452	0.824903193661664	-0.0606311716067554	0.0675037017107603	0.369585570786523	0.824903193661664	0.0134536237064623	0.0516949890182669	0.794795180076981	0.824903193661664	-0.261454163304657	0.0897377832884489	0.0037595592557836	0.0263169147904852	0.058039324229993	0.0326292048582582	0.0759848810215441	0.265947083575404
CCL4	1.80932758412214	0.0837255784755115	0.120447323420911	0.000152368354584595	0.00509799848647933	0.9761703083916	0.9761703083916	0.00537678539035615	0.00892338947567595	0.547125194995471	0.76597527299366	-0.0342951182439156	0.0376527139446746	0.362895510384352	0.76597527299366	0.0198863841158344	0.084210479331401	0.813427725690583	0.94899901330568	-0.0438852188937114	0.0644892012428089	0.496550197852913	0.76597527299366	-0.328308169306017	0.111947368119711	0.00353940753019829	0.0247758527113881	0.0569802604071025	0.0407047452462656	0.162279652977886	0.567978785422601
Gal1	6.57724221679329	2.14191798075802e-07	9.24406707485042e-07	0.00774287158753329	0.00147039978791648	2.2073419920193e-07	1.54513939441351e-06	0.0064845615517974	0.00257374536836934	0.0121126172479233	0.0423941603677315	-0.0123283755965441	0.0108600547343364	0.256920828517668	0.509484190768277	-0.011690702457799	0.0242885656552537	0.63052955371489	0.735617812667372	0.00579942262648712	0.0186004189843955	0.75535097471024	0.75535097471024	0.0341269460381705	0.0322886298961437	0.291133823296159	0.509484190768277	0.0064986549685689	0.0117403425944595	0.580186222323383	0.735617812667372
PDL1	1.65051772364531	0.119492599381875	0.15803859918248	0.00999970668750321	0.00315169284386868	0.00161777083865448	0.0113243958705813	0.00688182405468984	0.00551663222892859	0.212903203717371	0.7451612130108	0.00524351990878781	0.0232777215227498	0.821884437439886	0.821884437439886	-0.0516476846950407	0.0520607383057144	0.321721989341512	0.750684641796862	-0.0230046452383659	0.0398686179689576	0.564233039514437	0.821884437439886	0.017721883252205	0.0692082824129057	0.798022098715113	0.821884437439886	-0.00810092902325885	0.025164553234842	0.747670699126645	0.821884437439886
CD27	19.3419819615321	0	0	0.0219157783748567	0.00231969347015645	2.22342992859177e-19	1.55640095001424e-18	0.00349288676682234	0.00406032452800576	0.39013051223325	0.39013051223325	-0.0254390579934221	0.0171327541392522	0.138322471768014	0.210495186384647	-0.0461320635478854	0.0383174886265411	0.229272483582933	0.267484564180088	0.0422801050056887	0.0293439041646046	0.150353704560462	0.210495186384647	0.117614251084445	0.0509383397263092	0.0214183689720044	0.0749642914020154	0.0310019632345309	0.0185214907384863	0.0948880747272268	0.210495186384647
HGF	6.13844225759159	7.42724970526076e-07	2.64797598187558e-06	0.00010057195891138	0.00286294994408252	0.971993310072323	0.971993310072323	0.0103931502684191	0.00501122498725101	0.0386749653219327	0.0902415857511763	-0.0510532569816358	0.0211451289301787	0.0161758679814403	0.056615537935041	0.0380070996543061	0.0472911845172974	0.42202335512028	0.573701051702052	0.120864426290199	0.0362160474511108	0.000919273133156813	0.00643491193209769	0.0432609217537223	0.0628677533248641	0.491743758601759	0.573701051702052	0.0385287722970512	0.0228590982197739	0.0926179454330044	0.162081404507758
GZMA	0.877448714313281	0.524186141789927	0.551067482394539	0.00211127996854781	0.00319499090930351	0.509087610863545	0.890903319011204	0.00891891961878566	0.0055924199135352	0.111484824906646	0.780393774346524	-0.0282678992524307	0.0235975116671563	0.231607030969402	0.810624608392907	-0.0128569503855106	0.0527759505314652	0.807645842497141	0.938222097148205	-0.0112549151668243	0.0404163344232987	0.780781753235348	0.938222097148205	0.00544082757102783	0.0701590681934349	0.938222097148205	0.938222097148205	0.0174700090831529	0.0255102647386518	0.493823896154008	0.890903319011204
HO1	2.89458430008469	0.00575747841905039	0.0107298461445939	0.0027292070333596	0.00239142414616932	0.254400602065987	0.563806694111131	-0.00532521582810556	0.00418587983389962	0.2039931430729	0.563806694111131	0.0164001923328917	0.017662541394414	0.353652635600698	0.563806694111131	-0.0298080821093881	0.0395023604200164	0.450907186044379	0.563806694111131	0.00153257423936997	0.0302512904678656	0.959618765446644	0.959618765446644	-0.151457256403207	0.0525134795413534	0.0041212968260134	0.0288490777820938	0.0133978670227319	0.0190942211740072	0.483262880666684	0.563806694111131
CX3CL1	7.95336818494518	4.32589541965456e-09	2.07923150178739e-08	0.012976591026587	0.00238659246453948	9.077958484127e-08	6.3545709388889e-07	-0.0129093984403503	0.0041774225977667	0.00212926437415791	0.00745242530955269	0.0100778336591236	0.0176268556391588	0.567801739050986	0.66243536222615	-0.0331732309998189	0.0394225490534371	0.400546507391841	0.66243536222615	-0.0211029917410016	0.0301901701498048	0.484927755932773	0.66243536222615	-0.018137338973378	0.0524073802469957	0.729448704111882	0.729448704111882	0.0206416502572507	0.0190556428240185	0.279311818839058	0.651727577291135
CD70	2.71941193331334	0.00905941981868374	0.0161494005463493	0.00773714733778272	0.00290723304568498	0.00807370790649899	0.0565159553454929	0.000890593933812804	0.00508873685074757	0.861151784611331	0.861151784611331	-0.0322250004614845	0.0214721943386214	0.134145140806475	0.313005328548442	-0.063406291419165	0.0480226679067324	0.187421958761501	0.327988427832626	0.0340590941631877	0.0367762245203019	0.354903348010192	0.496864687214269	-0.0216690826189366	0.0638401695956261	0.734453347581909	0.85686223884556	0.0411397477487354	0.0232126747016467	0.0770516813208603	0.269680884623011
TNFRSF12A	17.1834683565439	0	0	0.0242735805423121	0.00257376250482027	2.53409670886295e-19	1.77386769620406e-18	0.00422561738177094	0.00450503963649926	0.34878224926593	0.488295148972302	-0.00142364157511626	0.0190092530652068	0.940335364305122	0.940335364305122	-0.0743794358215164	0.0425142876740596	0.0809135456606373	0.188798273208154	0.0516783828894929	0.032557853550713	0.113182890268334	0.198070057969585	0.156264742309911	0.0565174625578998	0.00593854678100666	0.0207849137335233	0.00403145120433666	0.0205500937987625	0.844564264916812	0.940335364305122
CCL23	5.23761956742478	9.44852174256106e-06	2.49928639641938e-05	0.0129974420621227	0.00288489464522808	8.54563742189782e-06	5.98194619532847e-05	-0.00745456619261513	0.00504963635904103	0.140604854658935	0.328077994204182	0.00591158191570104	0.0213072077454288	0.781571326397237	0.840155973418387	0.00961726288515499	0.0476536745822029	0.840155973418387	0.840155973418387	0.0799958111116217	0.0364936458560814	0.0289102442853157	0.101185854998605	-0.0699462151938297	0.0633496388224637	0.270152937140719	0.472767639996258	-0.00615412378700298	0.0230343147232712	0.789464530588522	0.840155973418387
CD5	5.25084446064673	9.10356007000068e-06	2.48830641913352e-05	0.00989336474595258	0.00228941051534197	1.92732822011332e-05	0.000134912975407932	0.00475442945001834	0.00400731811754868	0.236103455461394	0.275454031371626	-0.0203386140104623	0.0169090907862612	0.229705826423558	0.275454031371626	-0.0587532458827381	0.037817264441057	0.121011649919939	0.211770387359893	0.0507314042029525	0.0289608276351711	0.0805323382488219	0.194308981469743	0.087275448870279	0.0502733538304993	0.083275277772747	0.194308981469743	-0.00308239948426477	0.0182796978144011	0.8661713450716	0.8661713450716
CCL3	1.70698156142901	0.105452268358006	0.144118100089274	0.00980488283686993	0.00743800769911278	0.18813228325021	0.263385196550294	0.0182020706510107	0.013019274093213	0.162806149111479	0.263385196550294	-0.0920678817725926	0.054935515762852	0.0944778198408185	0.263385196550294	0.0669363301251898	0.122863550327474	0.586171354528752	0.586171354528752	-0.150635599262718	0.0940900976384766	0.110115822431682	0.263385196550294	-0.25883302542664	0.163331822906221	0.113766419229758	0.263385196550294	0.0677936516316436	0.0593884461392289	0.254283548892375	0.296664140374438
MMP7	16.5815997957969	0	0	0.0126470992610044	0.00170327117029948	6.07667675232202e-13	4.25367372662541e-12	0.00141395019239101	0.00298135671785361	0.63555183335663	0.741477138916068	-0.0289869339734591	0.0125799923863429	0.021685649716193	0.0505998493377837	-0.0034478544848691	0.0281352146460386	0.902523836853873	0.902523836853873	0.0470996531543277	0.021546220063391	0.0293542345637442	0.0513699104865524	0.120306611016972	0.0374022717376067	0.00139515323866534	0.00488303633532868	0.0163629864262193	0.013599693930123	0.229564119130248	0.321389766782347
NCR1	5.81814621308411	1.8381528998912e-06	5.93085033550301e-06	0.0175250863015414	0.0031381107657746	4.15382507389311e-08	2.90767755172518e-07	0.00837011747293644	0.0054928585512698	0.128287530186959	0.398895038227471	0.00572979466511672	0.0231774072322283	0.804859822680278	0.804859822680278	-0.0710898881267926	0.0518363849031677	0.170955016383202	0.398895038227471	0.0242746666735094	0.0396968059588466	0.541189852989946	0.631388161821603	0.0714820974360075	0.0689100324427926	0.300166047645823	0.525290583380191	0.0176283501787556	0.0250561077281985	0.482089829265269	0.631388161821603
DCN	21.0252266690218	0	0	0.0162222541061356	0.0014748770619138	5.70239619788673e-25	3.99167733852071e-24	-0.00068430451872336	0.00258158225960682	0.791080918072212	0.791080918072212	-0.0150507717615295	0.0108931229114886	0.167786819894357	0.345441627869867	-0.0434491671145205	0.024362522795573	0.075217802741425	0.263262309594987	-0.0235491782937484	0.0186570560792471	0.207554726062834	0.345441627869867	0.0221604564098246	0.0323869467241458	0.494191132533517	0.576556321289104	0.0136587300467873	0.0117760911922556	0.246744019907048	0.345441627869867
TNFRSF21	5.81008555263429	1.88051352101315e-06	5.93085033550301e-06	0.00674944726856428	0.00146547531883778	5.42085850400462e-06	3.79460095280323e-05	-0.00760725505430246	0.00256512571976279	0.0031883127437086	0.0111590946029801	-0.0077887285269302	0.010823683671057	0.472160995058418	0.649849021836023	-0.014269597860881	0.0242072215939187	0.555850270141785	0.649849021836023	-0.000204637310597079	0.0185381249138357	0.99119765622986	0.99119765622986	0.0424396277570249	0.0321804930745637	0.187936343495888	0.43851813482374	0.00687718001531543	0.0117010233871562	0.557013447288019	0.649849021836023
TNFRSF4	8.78230693021073	4.14825507277783e-10	2.42969225691273e-09	0.018809699458625	0.00271831736674478	1.64693708322679e-11	1.15285595825875e-10	0.00758473503887018	0.00475806429646651	0.111651149096437	0.260519347891687	-0.0184952628731604	0.020076904003078	0.357450476192043	0.357450476192043	-0.0456650130520288	0.0449020942308156	0.30972838311588	0.357450476192043	0.0346685213612891	0.0343864589545789	0.313922826453454	0.357450476192043	0.070978318575495	0.059691754661806	0.235062570651397	0.357450476192043	-0.0447152537033159	0.0217042857516146	0.0399788057749658	0.13992582021238
CCL17	2.60973181188414	0.011993414579109	0.0209246807550412	0.00335379103326184	0.00498966337021627	0.501849784455054	0.585491415197564	-0.0111503451995974	0.00873376281359048	0.202397627865429	0.354195848764501	-0.0486911617304938	0.0368525742126534	0.187121727638293	0.354195848764501	0.0336120862606472	0.0824209628980143	0.683615726109881	0.683615726109881	0.112721609559268	0.0631187722140674	0.0748240429768312	0.261884150418909	-0.264429884579338	0.109568428390177	0.0162216899722226	0.113551829805558	0.0396639290084019	0.0398397482635463	0.320009542945175	0.448013360123245
ANGPT2	12.4639632465703	1.4432899320127e-14	1.07590704022765e-13	0.0157501248260226	0.00300038048026759	2.40084188933394e-07	8.40294661266879e-07	0.00957203381397595	0.00525177943297766	0.069052646982546	0.120842132219455	0.0141771626259859	0.0221601611393808	0.52266919878948	0.731736878305272	-0.0110123418391171	0.0495613090294191	0.824266286186012	0.884226880970741	0.204122480897526	0.0379545308046174	1.23702871733085e-07	8.40294661266879e-07	0.145533910628677	0.0658856017738196	0.0277078321712727	0.0646516083996364	0.00349043188464891	0.0239564063063312	0.884226880970741	0.884226880970741
LAMP3	11.1844813566851	4.94382312865582e-13	3.11841151192136e-12	0.0185684759005014	0.00391346386750213	2.84371294227082e-06	9.95299529794787e-06	0.000348511218294149	0.00685001425193112	0.959446749239227	0.959446749239227	-0.0304969998195383	0.0289039975054287	0.291964478539206	0.408750269954889	-0.0883467202005625	0.0646439321240488	0.172442232937168	0.329438532290402	0.31241983966544	0.0495049497517794	6.89804044807321e-10	4.82862831365125e-09	-0.113251704017028	0.0859360749832241	0.18825058988023	0.329438532290402	-0.00441111551111675	0.0312468805511847	0.88780176919503	0.959446749239227
CASP8	1.5103913420999	0.161690319067316	0.200887972174544	-0.0144685213614853	0.00829043400930736	0.0816615564692306	0.423441721670735	-0.00117057493789277	0.0145113365144463	0.935744829828833	0.935744829828833	-0.0872575536967401	0.061231352080143	0.154867347562997	0.423441721670735	-0.160456902263114	0.136944219116718	0.241966698097563	0.423441721670735	-0.0227025935505578	0.104873210267599	0.828718704128006	0.935744829828833	-0.162787324526386	0.182050322371328	0.371720036071949	0.520408050500729	0.0879370188452539	0.0661946066137188	0.184728496346212	0.423441721670735
ICOSLG	4.07409945601002	0.000241631530343289	0.000543088337109611	0.00336068526717184	0.0017102743839279	0.0500563773290125	0.175197320651544	-0.0119475696847828	0.00299361494094909	7.73137303587917e-05	0.000541196112511542	-0.0175275512812585	0.0126317166071608	0.165981134437273	0.290466985265227	-0.018797205229724	0.0282508961194782	0.50617188299557	0.676339482536803	-0.0360722024804913	0.0216348100569399	0.0961767217797365	0.224412350819385	0.0138898123988347	0.0375560558817488	0.711681766102233	0.711681766102233	0.00756813627028473	0.0136556107820808	0.579719556460117	0.676339482536803
MMP12	27.683971329071	0	0	0.0386406961346687	0.00413040732915199	4.61288820128117e-19	3.22902174089682e-18	0.00622996460498561	0.00722974582847773	0.389324735923335	0.454212191910558	-0.0711196256316455	0.03050629498067	0.0201972203203915	0.0353451355606852	-0.0491917864738046	0.0682274782827618	0.471302438634125	0.471302438634125	0.271485476298918	0.0522492641319727	3.14914500381335e-07	1.10220075133467e-06	0.265448461610437	0.0906999543030967	0.00360742721349561	0.00841733016482309	0.0449647831622183	0.0329790561025742	0.173457356630061	0.242840299282085
CXCL13	5.07636774411749	1.48630694318808e-05	3.80866154191944e-05	0.0138393371665316	0.0032995987527601	3.32516683077584e-05	0.000232761678154309	-0.00288227603363355	0.00577552246483045	0.617998590417714	0.720998355487333	-0.0538791923372821	0.0243701225685692	0.0275691421762964	0.0964919976170373	0.0100607188408188	0.0545038986002351	0.853639693711611	0.853639693711611	0.0376501175933313	0.041739613801694	0.367548120402732	0.514567368563825	-0.0908483295585277	0.0724561604328113	0.210580331469672	0.491354106762568	0.0252959041708732	0.0263455014751779	0.337512876875554	0.514567368563825
VEGFA	1.79933022029588	0.0856530949325038	0.121095754904574	0.000633339461404931	0.00308378013994412	0.837374058904842	0.837374058904842	0.00382675249144423	0.00539775979123125	0.478737571242846	0.779481447046953	-0.0329726222402541	0.0227761329834705	0.148432693761407	0.519514428164925	0.0307708487291371	0.0509389330785558	0.546112740701078	0.779481447046953	0.0728687088300993	0.0390095286534252	0.0624443257720038	0.437110280404027	0.0398244309676357	0.0677169817610104	0.556772462176395	0.779481447046953	0.00856567288129353	0.0246223072299509	0.728098170745932	0.837374058904842
CCL20	2.43090522080121	0.0188340591306686	0.0308878569742965	0.00715721635667778	0.00755445263693971	0.34395724322486	0.601925175643505	0.00495843303024725	0.0132230959529991	0.707857736806893	0.953428484463881	-0.135115356498854	0.0557955528825042	0.0158635314566301	0.111044720196411	0.00729204508105002	0.124787027561947	0.953428484463881	0.953428484463881	0.140535502155395	0.0955631151470427	0.142127890392566	0.497447616373981	0.163843714603345	0.165888846874581	0.323867607522024	0.601925175643505	-0.00451553226773809	0.0603181956364155	0.94035935668787	0.953428484463881
KLRD1	4.53851610381669	6.68348368045857e-05	0.000161189900528707	0.0144788980261687	0.00351584165088177	4.5785448580267e-05	0.000320498140061869	0.00780746210005167	0.00615402779518829	0.205241716431887	0.271019086104737	-0.0389317285101364	0.0259672458331478	0.134537533191474	0.235440683085079	-0.0252165601739097	0.0580758726114343	0.66436028788548	0.66436028788548	-0.0730498602825227	0.0444750661191636	0.101217801850476	0.235440683085079	0.166759599553198	0.077204656020541	0.031325839178792	0.109640437125772	-0.0335779595974506	0.0280720834078131	0.232302073804061	0.271019086104737
GZMB	1.47786590763557	0.173151366678824	0.211157572922048	-0.0109769260212556	0.00669348417718025	0.10174682985449	0.333874677991371	-0.00214424408453698	0.0117160815996048	0.85487060714148	0.993354036539151	-0.000412025088880078	0.0494366260964946	0.993354036539151	0.993354036539151	-0.0363145059101477	0.11056525663011	0.742735417512356	0.993354036539151	0.078353949952696	0.0846719451295555	0.355284729306177	0.621748276285809	-0.215632473001782	0.146982769644512	0.143089147710588	0.333874677991371	0.109335788972221	0.0534438307435023	0.041381773140943	0.289672411986601
CD83	12.0655493578766	4.30766533554561e-14	2.94357131262283e-13	0.014023673804209	0.00219840019609047	4.60154038584489e-10	3.22107827009142e-09	0.00855054563329897	0.00384801628033931	0.0267973321724417	0.0611005238123831	-0.0254303955593201	0.0162369082570042	0.118033524383131	0.165246934136384	-0.0768415564442509	0.0363139249189683	0.0349145850356475	0.0611005238123831	0.12806118009296	0.0278095556587379	5.43832648327157e-06	1.90341426914505e-05	0.00511786348136662	0.0482748507436582	0.915619689652796	0.915619689652796	-0.00732109384613349	0.0175530299133143	0.676824384017676	0.789628448020621
IL12	3.30622117415615	0.00194261920210725	0.00398236936431987	0.0153978432532679	0.00471226151183938	0.00117136494085369	0.00819955458597586	0.0202017094999824	0.00824820660361153	0.0147136169851091	0.0514976594478817	-0.039623853857362	0.0348037440984649	0.255546687236129	0.35776536213058	-0.0460586166941395	0.0778387443031493	0.554349414446242	0.554349414446242	-0.0736770672476323	0.0596096648031017	0.217134738734449	0.35776536213058	0.127218985705338	0.103476938163341	0.219576538431869	0.35776536213058	-0.0236919292091785	0.0376248452960348	0.529232115505269	0.554349414446242
CSF1	4.2264095766297	0.00015878223778576	0.000372004099955208	0.00471261504636474	0.00136331138837766	0.000601028735990829	0.0042072011519358	0.00165413517561493	0.00238630092327073	0.488570193909223	0.488570193909223	-0.022643376367576	0.0100691229823317	0.0250299956459141	0.0876049847606994	-0.0345505120722731	0.0225196429143166	0.125704599297105	0.27538032270277	0.0244281080076709	0.0172457608049266	0.157360184401583	0.27538032270277	0.0231548280466888	0.0299370669217102	0.439680034691591	0.488570193909223	0.00771012761068948	0.0108852999667266	0.479137892376843	0.488570193909223
ARG1	2.44429805602639	0.0182132569611513	0.0304793279758042	-0.0101996108522362	0.00267590862761599	0.000158150175793923	0.00110705123055746	-0.00200087676258459	0.0046838332629693	0.669455821079004	0.937238149510605	-0.00922239727572738	0.0197636822303753	0.640997853191748	0.937238149510605	-0.00282659650488036	0.044201572200582	0.949041380884219	0.976076590547905	0.0157502026819623	0.0338499923943428	0.641955845244102	0.937238149510605	-0.00176313555360673	0.0587604976707859	0.976076590547905	0.976076590547905	0.0353829224717719	0.0213656750346771	0.0984367080067731	0.344528478023706
IL4	2.35485000542576	0.0227615665911705	0.035893239624538	0.0156976171420692	0.00587274067005832	0.00780381350110388	0.0546266945077272	-0.00866133828874282	0.0102794758428348	0.399927570103632	0.699873247681357	-0.0185937908340747	0.043374792108593	0.668372212452318	0.779767581194371	0.050777032183106	0.097007935197752	0.600942854395782	0.779767581194371	-0.14834555222083	0.0742896169786368	0.0464693931383774	0.162642875984321	-0.1681243831222	0.128959995458266	0.19303381090778	0.450412225451486	-0.0103519555772496	0.0468906402200982	0.825377578268556	0.825377578268556
IL5	1.15132119997205	0.329869256871058	0.355911566624036	-0.000572064501046692	0.00826257990746345	0.94483421345014	0.993729176056575	-0.000113733070211178	0.0144625814981575	0.993729176056575	0.993729176056575	0.0496621344744778	0.0610256277097462	0.416213787222106	0.971165503518248	0.0108624281058106	0.136484115553752	0.93660228483065	0.993729176056575	-0.0912549890005307	0.104520858499741	0.383106059277159	0.971165503518248	-0.359232753888553	0.181438671857693	0.0483489733508164	0.338442813455715	0.00419796801977077	0.0659722067596138	0.949292455162797	0.993729176056575
CD28	0.796635201421056	0.590426615892425	0.597715833372579	0.000927251318864418	0.00236089681803337	0.694695463849124	0.933986309864078	-0.000870851918248517	0.00413244567943072	0.833193471967654	0.933986309864078	-0.00144516541599005	0.0174370731529372	0.933986309864078	0.933986309864078	-0.0845522635239637	0.0389980995925853	0.0306966730317696	0.214876711222387	-0.00553885601046265	0.0298651226389058	0.852953649793358	0.933986309864078	0.0460436284555942	0.0518431274316756	0.374964203929691	0.933986309864078	0.00660063439801396	0.0188504770618584	0.726391614154432	0.933986309864078
FGF2	1.38553845903924	0.209494883248128	0.24540829180495	-0.00615927031404101	0.00422216344633014	0.145349940712237	0.519976579353552	-0.00667093081093113	0.00739035308886195	0.367213808395764	0.612255177492861	-0.0198485260942275	0.0311839858120709	0.524790152136738	0.612255177492861	-0.099977709519852	0.0697431371496	0.152436241807221	0.519976579353552	-0.0652003630448407	0.0534099703820146	0.222847105437236	0.519976579353552	-0.0114840640199864	0.0927148344279575	0.901480412259362	0.901480412259362	0.0214830083838635	0.0337116787944853	0.524295710330553	0.612255177492861
NOS3	8.05672029454778	3.22814197595278e-09	1.6544227626758e-08	0.0063112212384332	0.00204096492775709	0.00211531775477906	0.0148072242834534	0.0101906937567531	0.00357244612858815	0.00454527484719259	0.0159084619651741	-0.0246940034037829	0.0150741254238822	0.102115699358036	0.119134982584375	-0.0113617653187873	0.0337133554120955	0.736272794826063	0.736272794826063	0.0638999914274313	0.0258180143255669	0.0137066749907664	0.0239866812338411	0.120075684684858	0.0448177167358932	0.00766226908438166	0.0178786278635572	-0.0299338987882788	0.0162959949206042	0.0669149984298275	0.0936809978017586
ADGRG1	31.7388206386023	0	0	0.0437975329224237	0.005212653486797	6.42420358550866e-16	4.49694250985606e-15	0.0651372062903523	0.00912407828048469	4.01824773856114e-12	1.4063867084964e-11	-0.0122072198168133	0.0384995309731098	0.7513406004499	0.876564033858217	0.0048017352547574	0.0861043897670552	0.9555537123822	0.9555537123822	0.0696858293127186	0.0659395762102771	0.291188729973626	0.407664221963077	0.687071320717207	0.114465086703067	4.12751265230198e-09	9.63086285537128e-09	-0.0902203099060827	0.0416202030659411	0.0307279084096655	0.0537738397169146
MICAB	1.18534004914851	0.309720835415116	0.338628113387193	-0.00123031712926544	0.0103788526751895	0.905694424534635	0.905694424534635	0.0386884888616428	0.0181668442972285	0.0337689786146962	0.236382850302874	-0.0900606952458838	0.0766559605479031	0.240695885969617	0.561623733929106	0.107186607488673	0.171441431574705	0.532165223258563	0.818930371091784	-0.0192875198175537	0.131291509916079	0.883274851485558	0.905694424534635	-0.366989260989612	0.227910079646195	0.108078215538668	0.378273754385337	0.0452947947661939	0.0828694938244019	0.58495026506556	0.818930371091784
CD4	8.08538248209045	2.97649727087901e-09	1.62715184141386e-08	0.0117756736486942	0.00196390043362839	4.28011146019544e-09	2.99607802213681e-08	0.00411703533901061	0.00343755466134269	0.23170610131064	0.405485677293619	-0.0188058912132299	0.0145049437420095	0.195491510940577	0.405485677293619	-0.00252713447485791	0.0324403777901482	0.937943038859009	0.969872840302924	0.0428658595820383	0.0248431557249374	0.0851614689183287	0.298065141214151	0.0308861359681576	0.0431254511700902	0.47426019271295	0.66396426979813	0.000592568334573593	0.0156806768483528	0.969872840302924	0.969872840302924
IL10	2.89480049910748	0.00575423694627597	0.0107298461445939	0.00788060292270766	0.0034461112241519	0.0226909638212537	0.0794183733743879	0.00528334512284556	0.00603197366793305	0.381577743778546	0.600950172608682	-0.0212906170234502	0.0254522319864659	0.403341076517983	0.600950172608682	0.0427525678782835	0.0569240416184517	0.45303489635081	0.600950172608682	-0.0228174918409034	0.0435929827811525	0.600950172608682	0.600950172608682	-0.0444454631562778	0.0756734398440403	0.557288036251469	0.600950172608682	0.0736470977173756	0.0275153238749336	0.00772135045940023	0.0540494532158016
CD8A	2.38760304489247	0.0209827975930714	0.0337370471104286	-0.000570529474942209	0.00464309496694588	0.902261793234814	0.902261793234814	0.0152976633839232	0.00812713947885494	0.0604695974650596	0.423287182255417	-0.0368658608702353	0.0342928949610391	0.28296312763559	0.460863813330678	0.0566608770893521	0.0766962277028353	0.460448743372772	0.537190200601567	0.0891365945625612	0.0587347145172716	0.129844991996439	0.454457471987535	0.0995983806184476	0.10195810431447	0.329188438093341	0.460863813330678	-0.0424141041023572	0.0370725880529381	0.253224366065628	0.460863813330678
CCL19	4.89071930288834	2.50092693009352e-05	6.21442449295965e-05	0.0153643803748597	0.0049197065455174	0.00191068234083123	0.00668738819290932	0.029641324745514	0.0086113124058618	0.000633503120599762	0.00443452184419834	-0.0308314946726724	0.0363358882395504	0.396623011547567	0.694090270208242	0.0509868444229477	0.0812653921860931	0.530721748343582	0.743010447681015	0.0830181878350674	0.0622338249630476	0.182917432295049	0.42680734202178	0.0312464950919213	0.108032240722052	0.772542110261425	0.772542110261425	0.0156847938613636	0.0392811810660163	0.689873354240234	0.772542110261425
CXCL10	6.33421530991974	4.26566535871586e-07	1.58992981552137e-06	0.0305918539146989	0.00509471119905507	4.07674889277074e-09	2.85372422493952e-08	0.020789358533169	0.00891763550260535	0.0201996847588997	0.047132597770766	0.00152140754474363	0.037628434750915	0.96776713029795	0.96776713029795	-0.0093049508443405	0.0841561787955277	0.91201066910484	0.96776713029795	-0.0292001257360678	0.0644476173661545	0.650716914490597	0.911003680286836	-0.322407712643027	0.111875182304754	0.00415101529216996	0.0145285535225949	-0.0313310239256393	0.0406784980440527	0.441596735073024	0.772794286377792
PTN	70.395280649104	0	0	0.104166734859193	0.00523853031007023	6.58445795713481e-63	4.60912056999437e-62	-0.00186447775025669	0.00916937232540697	0.838967167641741	0.838967167641741	-0.106797410748842	0.0386906515917385	0.00602137958168496	0.0199288301705084	-0.209676954456928	0.0865318319675958	0.0157988983936242	0.0276480721888423	0.175079260838197	0.0662669155902354	0.00854092721593216	0.0199288301705084	-0.0596349563672544	0.11503331799392	0.604435036373924	0.705174209102911	0.0320621505357024	0.0418268154260493	0.443771526970347	0.621280137758486
IL12RB1	5.37487012668381	6.42118366611655e-06	1.88048950221985e-05	0.0125727624034347	0.00245829591097941	4.74450523479994e-07	3.32115366435996e-06	0.00325423495506411	0.00430293024180165	0.449892432957476	0.469365728266318	-0.0131480111299941	0.0181564417825856	0.469365728266318	0.469365728266318	-0.0641645271180367	0.0406069710595311	0.114809350248986	0.267888483914301	0.0553260521803642	0.0310972120015298	0.0759227467627071	0.265729613669475	0.0627120670437136	0.0539819221256078	0.245990735487242	0.430483787102674	-0.0182560023539734	0.0196281558462089	0.352843785554541	0.469365728266318
VEGFC	5.47992863490605	4.77586954028553e-06	1.45044926779042e-05	-0.0143236978782567	0.00295636664583504	1.76888217249927e-06	1.23821752074949e-05	-0.000923997269236342	0.00517473888696706	0.858367728365569	0.954490474682726	-0.0443475677491007	0.021835084480003	0.0428658490015353	0.103931304190346	-0.00278853046547681	0.0488342734870179	0.954490474682726	0.954490474682726	-0.0389900489594806	0.0373977599397933	0.297728623895461	0.521025091817056	-0.130801552109434	0.064919098362991	0.0445419875101485	0.103931304190346	0.00461647659260337	0.0236049797763627	0.845037229196039	0.954490474682726
MCP3	1.65277970158047	0.118899661316532	0.15803859918248	-0.0226092237979341	0.0154103577933234	0.143066008403838	0.333820686275623	-0.00180824121625463	0.0269738456992578	0.946583465583641	0.946583465583641	-0.228755577536486	0.113817568858834	0.0450703969715725	0.315492778801007	-0.242265362981092	0.254553550748572	0.341769104573583	0.478476746403016	-0.0668745723009736	0.194939576304904	0.731725979381549	0.853680309278474	-0.34181867024953	0.338397314420747	0.313009099544814	0.478476746403016	0.192744450202598	0.123043325688437	0.117971036858036	0.333820686275623
CXCL5	0.6836263854219	0.685993397820069	0.685993397820069	-0.00602859281081219	0.00519463798766944	0.246470831161861	0.862647909066513	-0.00719379948249845	0.0090925444705512	0.429276678629388	0.910416225885097	-0.0520206191199938	0.0383664723939401	0.175844945021065	0.862647909066513	-0.0552172224215568	0.0858068036024165	0.520237843362912	0.910416225885097	-0.00105393940858102	0.0657116818411815	0.987210824443516	0.987210824443516	-0.0231371775052716	0.114069482875792	0.839360444308559	0.979253851693319	0.00892434715748049	0.0414763591035672	0.829738831657309	0.979253851693319
CXCL11	3.27209419091533	0.00212781418932151	0.00425562837864302	0.0145042302539012	0.0058029750766529	0.0128096459394532	0.0298891738587241	0.0261678171568031	0.0101573601608452	0.0103199733138972	0.0298891738587241	-0.0841393554707063	0.0428595185284534	0.0502722227410489	0.0879763897968355	0.145747259143281	0.0958555233096176	0.129121396887335	0.180769955642269	-0.0348069028802419	0.0734070887854884	0.635624017168923	0.635624017168923	-0.32157527360607	0.127428007053844	0.0119750244415369	0.0298891738587241	-0.0322213620739109	0.0463335999004406	0.487166224444953	0.568360595185778
PDL2	1.29250167474252	0.252253192023663	0.287288357582506	0.00455018016422329	0.0023577289848933	0.0542751947759773	0.379926363431841	-0.00519294187218994	0.00412690079569296	0.208959014899199	0.487571034764798	-3.79279637428527e-05	0.0174136762226784	0.998263171773727	0.998263171773727	-0.00388862272214184	0.038945772243357	0.920512133492751	0.998263171773727	-0.00120019711644624	0.0298250498477084	0.967919429754973	0.998263171773727	0.0715093449290397	0.0517735647231707	0.167934932382893	0.487571034764798	0.0104977685854818	0.0188251836371367	0.577376364640587	0.998263171773727
LAPTGFbeta1	2.06381707638085	0.0462260933943019	0.0676882081845136	-0.00700370792656002	0.00222438132466142	0.00175453836782968	0.0122817685748078	0.000668990152821255	0.00389349289824556	0.86365762673708	0.86365762673708	-0.0139693856262774	0.0164287992519969	0.395631179576724	0.692354564259267	0.0471027432449984	0.0367430900700238	0.20054991328162	0.467949797657112	0.012426336491846	0.0281382144908995	0.6589872753585	0.768818487918251	-0.0795378749654495	0.0488453724831236	0.104179174418495	0.364627110464732	0.00969821799741534	0.0177604750944959	0.585309817414297	0.768818487918251
