analyte	age_l	age_m	age_u	bmi_l	bmi_m	bmi_u	education_NCIMD_l	education_NCIMD_m	education_NCIMD_u	aspirin_l	aspirin_m	aspirin_u	smoke_l	smoke_m	smoke_u	diabetes_l	diabetes_m	diabetes_u	PSA_l	PSA_m	PSA_u
IL8	-0.0609948614344922	-0.0271040274640049	0.00678680650648249	-0.062299015772935	-0.00297747772693617	0.0563440603190626	-0.398878980685089	-0.148568612759013	0.101741755167064	-0.908206394280858	-0.348386029256268	0.211434335768322	-0.563173222526377	-0.13445736119258	0.294258500141218	-0.927765362981176	-0.18355375200475	0.560657858971676	-0.0837791751000895	0.18682070181452	0.45742057872913
TNFRSF9	0.0194029563519558	0.0251358302214975	0.0308687040910391	-0.00172569457593208	0.00830896245437518	0.0183436194846824	-0.0612340768263607	-0.0188923106482733	0.0234494555298141	-0.192754657294675	-0.0980570896549548	-0.00335952201523505	-0.0384769930151553	0.0340433220953797	0.106563637205915	-0.048583663490531	0.077304985389917	0.203193634270365	-0.0495479093058881	-0.00377402941801458	0.0419998504698589
TIE2	-0.00771077314713086	-0.0045106215739097	-0.00131047000068854	-0.00556040973487064	4.10432559030779e-05	0.0056424962466768	-0.00752866137201806	0.0161069658424008	0.0397425930568196	-0.0872147472535608	-0.0343535511137797	0.0185076450260014	-0.0155208189800532	0.0249607973562971	0.0654424136926474	-0.0406599204428794	0.029612471194033	0.0998848628309454	-0.0277520782421609	-0.00220060840887701	0.0233508614244069
CD40L	-0.0159460153311758	-0.00525750665558578	0.00543100202000428	-0.0141801292704407	0.00452872795644705	0.0232375851833348	-0.128705589582747	-0.0497625768053742	0.0291804359719988	-0.177787097916924	-0.00123066281863207	0.17532577227966	-0.153552030327927	-0.0183434011386973	0.116865228050532	-0.446021578825951	-0.211311737595036	0.0233981036358785	-0.0886914334450041	-0.003349504871217	0.0819924237025701
CD244	-0.00643110971125332	-0.00184505475435492	0.00274100020254349	-0.00551641165494813	0.00251088663589939	0.0105381849267469	-0.0631338038752468	-0.029262194088657	0.00460941569793265	-0.108810723748744	-0.0330567024039339	0.0426973189408757	-0.113202676693658	-0.0551895129372581	0.00282365081914155	-0.090898692150508	0.00980686589128797	0.110512423933084	-0.0598471114014855	-0.0232299568062042	0.013387197789077
EGF	-0.0257118684708586	-0.0135538215733634	-0.0013957746758681	-0.0137217126137678	0.00755938192119892	0.0288404764561656	-0.157224105031503	-0.0674274008599662	0.0223693033115708	-0.210110870119289	-0.00928010100723549	0.191550668104818	-0.168506861340823	-0.0147087118961861	0.139089437548451	-0.45918859661057	-0.192209044682424	0.0747705072457209	-0.0666213297880106	0.0304540622442191	0.127529454276449
ANG1	-0.0138583491473671	-0.0101981870539712	-0.00653802496057527	-0.00917130754573197	-0.00276466541154947	0.00364197672263304	-0.037779040989987	-0.0107458755900199	0.0162872898099472	0.0162627002340733	0.076722507182418	0.137182314130763	-0.0444529675035834	0.00184773863595869	0.0481484447755007	-0.153674591522472	-0.07330079103314	0.00707300945619176	-0.0187801572190671	0.0104442464301008	0.0396686500792687
IL7	-0.0155388527463652	-0.00824601760654457	-0.000953182466723979	-0.0228365641394339	-0.0100713959058401	0.00269377232775359	0.00220697094956777	0.0560702735954206	0.109933576241273	-0.121879694954305	-0.00141415451957322	0.119051385915158	-0.154083689278007	-0.0618300108569855	0.030423667564036	-0.303632816322674	-0.143488849587667	0.01665511714734	-0.0153201352677351	0.0429091869411103	0.101138509149956
PGF	0.0142822289415296	0.0182316057250092	0.0221809825084888	-0.00407009400871631	0.00284278117526965	0.00975565635925562	-0.0335763855306301	-0.00440714299701917	0.0247620995365918	-0.0998061265372214	-0.0345689726072672	0.0306681813226869	-0.03630589599569	0.0136533487645776	0.0636125935248451	-0.0643995692314517	0.0223251204278744	0.1090498100872	-0.00566123377335366	0.0258723918798139	0.0574060175329814
IL6	-0.00469883773642774	0.0101207732221747	0.0249403841807772	-0.0119154034704956	0.014024416012058	0.0399642354946116	-0.254515909932179	-0.145061469395266	-0.035607028858353	-0.279594496435677	-0.0347991035695167	0.209996289296643	-0.0906696326271466	0.0967970517950096	0.284263736217166	-0.43620027107874	-0.110775214995741	0.214649841087257	-0.00562224387949015	0.112704289625479	0.231030823130449
MCP1	-0.00792544789405696	-0.000825811552484792	0.00627382478908738	-0.0170047726433737	-0.00457777401253204	0.00784922461830965	-0.0890127390371241	-0.0365763609194357	0.0158600171982527	-0.106223376612655	0.0110508401192745	0.128325056851204	-0.101787269457507	-0.011977537658509	0.0778321941404892	-0.288318816987698	-0.132417318555725	0.0234841798762485	-0.00452232634033363	0.0521644085402803	0.108851143420894
CRTAM	0.0126607926880037	0.0195879073682042	0.0265150220484046	-0.00921202544360242	0.00291299624834968	0.0150380179403018	-0.116418466916832	-0.065256296467529	-0.0140941260182262	-0.236319217421772	-0.121894772387048	-0.00747032735232338	-0.112162741723497	-0.0245353927103024	0.0630919563028921	-0.0261066862896263	0.126006394788864	0.278119475867355	-0.108277415759785	-0.0529681725151974	0.0023410707293903
MCP4	0.000903112911943664	0.00922440991949583	0.017545706927048	-0.0219659328974698	-0.00740057468127997	0.00716478353490983	-0.136635973096068	-0.0751766735876412	-0.0137173740792146	-0.168236569683396	-0.0307825450257989	0.106671479631798	-0.0956207640610876	0.0096428602307694	0.114906484522626	-0.322966338949943	-0.140238293461405	0.0424897520271332	-0.0226364583849046	0.04380457248422	0.110245603353345
TRAIL	-0.00770411130402337	-0.00384870311388929	6.70507624478444e-06	-0.00752987751757092	-0.0007814822484236	0.00596691302072372	-0.0379956927322917	-0.0095204819004176	0.0189547289314565	-0.0463780082458772	0.0173069403806206	0.0809918890071185	-0.0799719032047623	-0.031201352309908	0.0175691985849463	-0.0932164948956567	-0.00855526930734676	0.0761059562809632	-0.0233343099880366	0.0074490275543313	0.0382323650966992
CXCL9	0.0495525552550544	0.0586912659299655	0.0678299766048766	-0.0126993249006248	0.00329681061687824	0.0192929461343813	-0.106705766692161	-0.0392092266719614	0.0282873133482385	-0.191394387288653	-0.0404380446286299	0.110518298031393	-0.0901111430571506	0.0254926872258884	0.141096517508927	-0.271367931326561	-0.0706902318770418	0.129987467572478	-0.0948165104495032	-0.0218488760164694	0.0511187584165644
CAIX	-0.00296747539442005	0.0044592094514262	0.0118858942972725	-0.0262783720383309	-0.0132789171408161	-0.000279462243301366	-0.0635589738206096	-0.00870708620245254	0.0461448014157045	-0.0392867673009333	0.0833897482709394	0.206066263842812	-0.0640334857092083	0.0299133789006819	0.123860243510572	-0.125480311868666	0.0376028715712717	0.200686055011209	-0.0287165009165258	0.0305815383975741	0.0898795777116741
ADA	-0.0153864591499581	-0.00752938780620247	0.000327683537553128	-0.00466723961662275	0.00908555139036771	0.0228383423973582	-0.0554343241420809	0.00259630504189057	0.0606269342258621	-0.207447562275526	-0.0776617756077849	0.0521240110599564	-0.0340548121044311	0.0653364012139718	0.164727614532375	-0.200214545635169	-0.0276804696845743	0.144853606266021	-0.0489364402821048	0.0137980011418222	0.0765324425657491
Gal9	0.00432689693336964	0.00902297023284928	0.0137190435323289	0.00448705095280752	0.0127069221765275	0.0209267934002475	-0.0660030870060747	-0.0313189055420188	0.00336527592203702	-0.112522070034283	-0.0349507281491509	0.0426206137359812	-0.0356354736116267	0.0237694118280842	0.0831742972677952	-0.0474830535047712	0.0556384063717403	0.158759866248252	-0.0146408983005713	0.022854692924117	0.0603502841488054
VEGFR2	-0.0143100063437443	-0.0111359918383684	-0.00796197733299261	-0.00594308479898592	-0.000387381377725538	0.00516832204353484	-0.0311470990697941	-0.00770451458411342	0.0157380699015672	-0.0298832765310872	0.0225461785994703	0.0749756337300277	-0.0126307182392401	0.0275202666477983	0.0676712515348367	-0.123016156271177	-0.0533177106570833	0.0163807349570102	-0.00697012138672227	0.0183726581750854	0.0437154377368931
CD40	-0.0011827864264171	0.00430320468334576	0.00978919579310863	-0.0150908941068441	-0.00548837353679246	0.00411414703325917	-0.0924485513482804	-0.0519302078244907	-0.011411864300701	-0.127178411476044	-0.0365589375420738	0.0540605363918969	-0.0661242773518516	0.00327299407379829	0.0726702654994481	-0.0930074996004769	0.0274598304497156	0.147927160499908	-0.00829605587778128	0.0355065994463458	0.0793092547704728
IL18	-0.00993822147729718	-0.00282808340720557	0.00428205466288605	-0.00360194359746615	0.00884343695600563	0.0212888175094774	-0.0827386205640309	-0.0302246789513913	0.0222892626612482	-0.122340424190379	-0.004892736321732	0.112554951546915	-0.0213751832604581	0.068567394416326	0.15850997209311	-0.211136144795993	-0.0550040380436014	0.10112806870879	-0.0496479958862835	0.00712258958494218	0.0638931750561678
GZMH	-0.0055772567757783	0.00799295589239137	0.021563168560561	-0.0131197620411165	0.0106331467184653	0.0343860554780471	-0.196111804669876	-0.0958851496172851	0.00434150543530543	-0.323909198078444	-0.0997517926876077	0.124405612703229	-0.125248917474724	0.0464129961147547	0.218074909704234	-0.395700710310333	-0.0977112940609219	0.20027812218849	-0.0315358580744201	0.0768149095965527	0.185165677267525
CXCL1	-0.00904940100894363	-0.00122058213506594	0.00660823673881175	-0.0261082404596142	-0.0124049017608265	0.00129843693796125	-0.114812135476915	-0.056990172923458	0.000831789629998692	-0.125012764077302	0.00430633864829514	0.133625441373892	-0.0956880941056274	0.00334572812676494	0.102379550359157	-0.147715398539738	0.0241982791007947	0.196111956741327	-0.0328146764392822	0.0296941843784503	0.0922030451961829
TNFSF14	-0.0293914893059566	-0.0182452790242249	-0.00709906874249331	-0.0238636442575976	-0.0043536393438136	0.0151563655699704	-0.160322800932923	-0.0779993031095515	0.00432419471381991	-0.153179994677798	0.0309369117988508	0.215053818275499	-0.0490694920373899	0.0919290194097303	0.23292753085685	-0.315887352405478	-0.0711268039553265	0.173633744494825	-0.0361797560079362	0.0528166709589379	0.141813097925812
TWEAK	-0.0120280290098063	-0.00806111135918797	-0.00409419370856959	-0.0198149399048422	-0.012871361693063	-0.00592778348128378	-0.0328941755779693	-0.00359537999437823	0.0257034155892128	-0.045699234073904	0.0198276658874703	0.0853545658488445	-0.0616744541869734	-0.0114933191076159	0.0386878159717415	-0.197821064407616	-0.1107111934039	-0.0236013224001833	-0.0282532394367972	0.00342044050045367	0.0350941204377045
PDGFsubunitB	-0.00451023581323583	-0.00292260885484623	-0.00133498189645664	-0.00253524536744329	0.00024369105816889	0.00302262748378107	-0.0198736301684183	-0.00814776091332951	0.00357810834175932	-0.0238749891240249	0.00234997495158664	0.0285749390271981	-0.0334949983308481	-0.0134116666685034	0.00667166499384119	-0.0744284208020185	-0.0395655898264922	-0.00470275885096592	-0.000231940485550773	0.0124443973083393	0.0251207351022293
PDCD1	0.0104339502607079	0.0177044358678675	0.0249749214750272	-0.00253920950416972	0.0101868387522287	0.0229128870086271	-0.0917593135464029	-0.0380610797137934	0.0156371541188161	-0.14306476289128	-0.0229683996666247	0.0971279635580309	-0.155284347854336	-0.0633133889188687	0.0286575700165985	-0.232822943430025	-0.0731697519211645	0.0864834395876957	-0.122455237344287	-0.0644043639984123	-0.00635349065253719
FASLG	-0.00811881794299048	-0.00291525287133815	0.00228831220031417	-0.0110944457967577	-0.00198627561594533	0.00712189456486698	-0.0457569773493946	-0.0073245714443993	0.031107834460596	-0.0597140380545523	0.0262402261685811	0.112194490391715	-0.1192594282702	-0.0534348196564801	0.0123897889572398	-0.2062878152664	-0.0920223018190974	0.0222432116282057	-0.015898642036176	0.0256489949777866	0.0671966319917492
MCP2	-0.0106246156454226	-0.00259248961305048	0.00543963641932161	-0.0124756757469027	0.00158352593678981	0.0156427276204823	-0.0732908672750146	-0.0139673220314107	0.0453562232121932	-0.193308571380444	-0.0606311716067554	0.0720462281669334	-0.0881520149540875	0.0134536237064623	0.115059262367012	-0.437832279562365	-0.261454163304657	-0.0850760470469477	-0.00609283367486205	0.058039324229993	0.122171482134848
CCL4	-0.00986766263770778	0.000152368354584595	0.010172399346877	-0.0121619877849801	0.00537678539035615	0.0229155585656924	-0.108300899467697	-0.0342951182439156	0.039710662979866	-0.145627908407849	0.0198863841158344	0.185400676639518	-0.170637668278485	-0.0438852188937114	0.0828672304910625	-0.548338854101242	-0.328308169306017	-0.108277484510791	-0.023024237433111	0.0569802604071025	0.136984758247316
Gal1	0.00485282533015235	0.00774287158753329	0.0106329178449142	0.00142590795946579	0.0064845615517974	0.011543215144129	-0.0336736320348589	-0.0123283755965441	0.00901688084177073	-0.0594294731281769	-0.011690702457799	0.036048068212579	-0.0307593906386729	0.00579942262648712	0.0423582358916472	-0.0293358174593231	0.0341269460381705	0.0975897095356641	-0.0165767925759155	0.0064986549685689	0.0295741025130533
PDL1	0.00380510697204518	0.00999970668750321	0.0161943064029612	-0.00396102457571796	0.00688182405468984	0.0177246726850976	-0.0405084534796903	0.00524351990878781	0.0509954932972659	-0.153972197479495	-0.0516476846950407	0.0506768280894132	-0.101365748861349	-0.0230046452383659	0.0553564583846176	-0.118305841459724	0.017721883252205	0.153749607964134	-0.0575614386701424	-0.00810092902325885	0.0413595806236247
CD27	0.0173564595509632	0.0219157783748567	0.0264750971987502	-0.00448761336813933	0.00349288676682234	0.011473386901784	-0.059113200485604	-0.0254390579934221	0.00823508449875986	-0.12144444832066	-0.0461320635478854	0.0291803212248889	-0.0153948491834896	0.0422801050056887	0.0999550591948671	0.0174957939865847	0.117614251084445	0.217732708182305	-0.00540171787979094	0.0310019632345309	0.0674056443488527
HGF	-0.00552650840315042	0.00010057195891138	0.00572765232097318	0.000543671141507546	0.0103931502684191	0.0202426293953307	-0.0926136552003354	-0.0510532569816358	-0.00949285876293613	-0.0549429347135511	0.0380070996543061	0.130957134022163	0.0496823890964076	0.120864426290199	0.192046463483989	-0.0803045987935314	0.0432609217537223	0.166826442300976	-0.0064004039719223	0.0385287722970512	0.0834579485660246
GZMA	-0.00416842137232535	0.00211127996854781	0.00839098130942097	-0.00207288844160359	0.00891891961878566	0.0199107276791749	-0.0746484148357488	-0.0282678992524307	0.0181126163308874	-0.116587200870181	-0.0128569503855106	0.0908733000991596	-0.0906925463450909	-0.0112549151668243	0.0681827160114423	-0.132455650733747	0.00544082757102783	0.143337305875803	-0.0326699907581184	0.0174700090831529	0.0676100089244241
HO1	-0.0019710972377939	0.0027292070333596	0.00742951130451311	-0.0135524928225818	-0.00532521582810556	0.00290206116637065	-0.0183152381726392	0.0164001923328917	0.0511156228384227	-0.107449312628979	-0.0298080821093881	0.047833148410203	-0.0579258325939726	0.00153257423936997	0.0609909810727125	-0.25467162453474	-0.151457256403207	-0.0482428882716749	-0.0241315062096572	0.0133978670227319	0.050927240255121
CX3CL1	0.00828578334508615	0.012976591026587	0.0176673987080879	-0.021120052878271	-0.0129093984403503	-0.00469874400242949	-0.0245674570896796	0.0100778336591236	0.0447231244079267	-0.110657593609625	-0.0331732309998189	0.0443111316099871	-0.0804412676086617	-0.0211029917410016	0.0382352841266584	-0.12114317071155	-0.018137338973378	0.0848684927647946	-0.0168118978717093	0.0206416502572507	0.0580951983862108
CD70	0.00202302927814838	0.00773714733778272	0.0134512653974171	-0.00911123346792974	0.000890593933812804	0.0108924213355553	-0.0744282402851382	-0.0322250004614845	0.00997823936216929	-0.157794044188062	-0.063406291419165	0.0309814613497321	-0.0382239617165351	0.0340590941631877	0.106342150042911	-0.1471458711268	-0.0216690826189366	0.103807705888927	-0.00448437719782356	0.0411397477487354	0.0867638726952944
TNFRSF12A	0.019214893268572	0.0242735805423121	0.0293322678160522	-0.00462896288123777	0.00422561738177094	0.0130801976447797	-0.0387860114068974	-0.00142364157511626	0.0359387282566649	-0.157940559121006	-0.0743794358215164	0.00918168747797318	-0.0123135352104976	0.0516783828894929	0.115670300989483	0.0451806123444335	0.156264742309911	0.267348872275389	-0.0363594153885483	0.00403145120433666	0.0444223177972216
CCL23	0.00732722975598943	0.0129974420621227	0.0186676543682559	-0.0173795422300914	-0.00745456619261513	0.00247040984486113	-0.035967379510953	0.00591158191570104	0.0477905433423551	-0.0840452396590628	0.00961726288515499	0.103279765429373	0.00826815888310815	0.0799958111116217	0.151723463340135	-0.194458873648929	-0.0699462151938297	0.0545664432612696	-0.0514276851710486	-0.00615412378700298	0.0391194375970427
CD5	0.00539356656463753	0.00989336474595258	0.0143931629272676	-0.00312188746931886	0.00475442945001834	0.0126307463693555	-0.0535731499129692	-0.0203386140104623	0.0128959218920445	-0.133082448362513	-0.0587532458827381	0.0155759565970366	-0.00619061945721058	0.0507314042029525	0.107653427863116	-0.0115359895411054	0.087275448870279	0.186086887281664	-0.0390108406393211	-0.00308239948426477	0.0328460416707915
CCL3	-0.00481439723229482	0.00980488283686993	0.0244241629060347	-0.00738709542213083	0.0182020706510107	0.0437912367241523	-0.200042721698739	-0.0920678817725926	0.015906958153554	-0.174549928721182	0.0669363301251898	0.308422588971562	-0.335568116780282	-0.150635599262718	0.0342969182548454	-0.579858999029502	-0.25883302542664	0.0621929481762223	-0.0489333486759059	0.0677936516316436	0.184520651939193
MMP7	0.00929934818576517	0.0126470992610044	0.0159948503362435	-0.00444585670853309	0.00141395019239101	0.00727375709331512	-0.053712699178817	-0.0289869339734591	-0.00426116876810113	-0.0587471495858364	-0.0034478544848691	0.0518514406160982	0.00475091700336314	0.0470996531543277	0.0894483893052923	0.0467930697738912	0.120306611016972	0.193820152260052	-0.0103669851551631	0.0163629864262193	0.0430929580076017
NCR1	0.0113571819340328	0.0175250863015414	0.0236929906690499	-0.00242600439056988	0.00837011747293644	0.0191662393364428	-0.0398250126585497	0.00572979466511672	0.0512846019887832	-0.17297343804068	-0.0710898881267926	0.0307936617870945	-0.0537487433093669	0.0242746666735094	0.102298076656386	-0.063959421934372	0.0714820974360075	0.206923616806387	-0.0316190116336542	0.0176283501787556	0.0668757119911654
DCN	0.0133234078413923	0.0162222541061356	0.0191211003708788	-0.00575836139006555	-0.00068430451872336	0.00438975235261883	-0.0364610231504711	-0.0150507717615295	0.00635947962741208	-0.0913332993106159	-0.0434491671145205	0.00443496508157501	-0.0602193108241518	-0.0235491782937484	0.0131209542366549	-0.0414955471732159	0.0221604564098246	0.085816459992865	-0.00948698077039094	0.0136587300467873	0.0368044408639655
TNFRSF21	0.00386907997301906	0.00674944726856428	0.00962981456410951	-0.0126489668710707	-0.00760725505430246	-0.00256554323753421	-0.0290624982470264	-0.0077887285269302	0.013485041193166	-0.0618484881354962	-0.014269597860881	0.0333092924137342	-0.0366410126191158	-0.000204637310597079	0.0362317379979216	-0.0208105946213387	0.0424396277570249	0.105689850135388	-0.0161209862830454	0.00687718001531543	0.0298753463136763
TNFRSF4	0.0134668920148982	0.018809699458625	0.0241525069023517	-0.00176716097293879	0.00758473503887018	0.0169366310506792	-0.0579560828152725	-0.0184952628731604	0.0209655570689517	-0.13391933031102	-0.0456650130520288	0.0425893042069627	-0.032917490159483	0.0346685213612891	0.102254532882061	-0.0463448295740968	0.070978318575495	0.188301466725087	-0.0873746653280019	-0.0447152537033159	-0.00205584207862985
CCL17	-0.00645330909500843	0.00335379103326184	0.0131608911615321	-0.028316410333513	-0.0111503451995974	0.00601571993431814	-0.121124281657047	-0.0486911617304938	0.0237419581960591	-0.128384941561741	0.0336120862606472	0.195609114083035	-0.011337284427805	0.112721609559268	0.236780503546341	-0.47978480301607	-0.264429884579338	-0.0490749661426059	-0.0386404316901326	0.0396639290084019	0.117968289706936
ANGPT2	0.00985292703738369	0.0157501248260226	0.0216473226146615	-0.000750251063644958	0.00957203381397595	0.0198943186915969	-0.0293782644695079	0.0141771626259859	0.0577325897214797	-0.108424268070644	-0.0110123418391171	0.0863995843924097	0.12952348366973	0.204122480897526	0.278721478125323	0.0160368592916878	0.145533910628677	0.275030961965666	-0.043595485125727	0.00349043188464891	0.0505763488950248
LAMP3	0.0108766279441737	0.0185684759005014	0.0262603238568291	-0.013115077537966	0.000348511218294149	0.0138120999745543	-0.0873073248076	-0.0304969998195383	0.0263133251685234	-0.215403290551555	-0.0883467202005625	0.03870985015043	0.21511868665406	0.31241983966544	0.409720992676819	-0.282157626012021	-0.113251704017028	0.0556542179779641	-0.0658263380471185	-0.00441111551111675	0.0570041070248851
CASP8	-0.0307632311251563	-0.0144685213614853	0.00182618840218565	-0.029692364812874	-0.00117057493789277	0.0273512149370885	-0.207606754892111	-0.0872575536967401	0.0330916474986314	-0.429618480753974	-0.160456902263114	0.108704676227747	-0.228829139082007	-0.0227025935505578	0.183423951980892	-0.520604196609705	-0.162787324526386	0.195029547556933	-0.0421673763504612	0.0879370188452539	0.218041414040969
ICOSLG	-8.30507642764905e-07	0.00336068526717184	0.00672220104198645	-0.0178314699187381	-0.0119475696847828	-0.00606366945082755	-0.0423549795798916	-0.0175275512812585	0.00729987701737463	-0.0743238703372092	-0.018797205229724	0.0367294598777612	-0.0785950607861251	-0.0360722024804913	0.00645065582514256	-0.0599259890144899	0.0138898123988347	0.0877056138121593	-0.0192717389509467	0.00756813627028473	0.0344080114915162
MMP12	0.0305224494230114	0.0386406961346687	0.0467589428463259	-0.0079799802311832	0.00622996460498561	0.0204399094411544	-0.131079239581516	-0.0711196256316455	-0.0111600116817747	-0.183291757027415	-0.0491917864738046	0.0849081840798058	0.1687904191475	0.271485476298918	0.374180533450336	0.0871792142721231	0.265448461610437	0.44371770894875	-0.0198550015279399	0.0449647831622183	0.109784567852377
CXCL13	0.00735403085416779	0.0138393371665316	0.0203246434788954	-0.0142339691045053	-0.00288227603363355	0.00846941703723819	-0.10177826176044	-0.0538791923372821	-0.00598012291412427	-0.0970657847514319	0.0100607188408188	0.11718722243307	-0.0443883971313209	0.0376501175933313	0.119688632317983	-0.233259704345079	-0.0908483295585277	0.0515630452280234	-0.026485739544575	0.0252959041708732	0.0770775478863215
VEGFA	-0.0054277789672502	0.000633339461404931	0.00669445789006006	-0.00678245434542133	0.00382675249144423	0.0144359593283098	-0.0777387317211053	-0.0329726222402541	0.0117934872405971	-0.0693487745926668	0.0307708487291371	0.130890472050941	-0.00380386907252329	0.0728687088300993	0.149541286732722	-0.0932721671873808	0.0398244309676357	0.172921029122652	-0.0398290612874557	0.00856567288129353	0.0569604070500427
CCL20	-0.0076909342955238	0.00715721635667778	0.0220053670088794	-0.0210313415086244	0.00495843303024725	0.0309482075691189	-0.24478058503855	-0.135115356498854	-0.0254501279591582	-0.237974776186732	0.00729204508105002	0.252558866348832	-0.0472922067058238	0.140535502155395	0.328363211016613	-0.162208046959037	0.163843714603345	0.489895476165727	-0.123069939704102	-0.00451553226773809	0.114038875168626
KLRD1	0.00756856990440478	0.0144788980261687	0.0213892261479325	-0.00428817688429807	0.00780746210005167	0.0199031010844014	-0.08996991707035	-0.0389317285101364	0.0121064600500773	-0.13936371910586	-0.0252165601739097	0.0889305987580402	-0.160464860910746	-0.0730498602825227	0.0143651403457007	0.0150151358922574	0.166759599553198	0.318504063214139	-0.0887531713026933	-0.0335779595974506	0.021597252107792
GZMB	-0.0241328575264614	-0.0109769260212556	0.00217900548395015	-0.0251720070482997	-0.00214424408453698	0.0208835188792257	-0.0975788890954127	-0.000412025088880078	0.0967548389176525	-0.253628673625711	-0.0363145059101477	0.180999661805416	-0.0880673459001674	0.078353949952696	0.244775245805559	-0.504524655115409	-0.215632473001782	0.0732597091118442	0.00429283107080682	0.109335788972221	0.214378746873635
CD83	0.00970275488736161	0.014023673804209	0.0183445927210565	0.000987333817896269	0.00855054563329897	0.0161137574487017	-0.0573437679123484	-0.0254303955593201	0.00648297679370826	-0.148215970168553	-0.0768415564442509	-0.005467142719949	0.073401962299651	0.12806118009296	0.182720397886269	-0.0897655504471842	0.00511786348136662	0.100001277409917	-0.0418212813621774	-0.00732109384613349	0.0271790936699104
IL12	0.00613597185066869	0.0153978432532679	0.0246597146558672	0.00398999699786781	0.0202017094999824	0.036413422002097	-0.108030032368268	-0.039623853857362	0.0287823246535436	-0.19904937029817	-0.0460586166941395	0.106932136909891	-0.190838869149172	-0.0736770672476323	0.0434847346539072	-0.0761632102945367	0.127218985705338	0.330601181705213	-0.0976429350688982	-0.0236919292091785	0.0502590766505412
CSF1	0.00203304925207922	0.00471261504636474	0.00739218084065026	-0.00303609948638503	0.00165413517561493	0.00634436983761489	-0.0424340696397986	-0.022643376367576	-0.00285268309535337	-0.0788124946003695	-0.0345505120722731	0.00971147045582325	-0.00946814720098127	0.0244281080076709	0.0583243632163231	-0.0356859776478273	0.0231548280466888	0.0819956337412049	-0.0136847479108064	0.00771012761068948	0.0291050031321853
ARG1	-0.0154590646265687	-0.0101996108522362	-0.0049401570779038	-0.0112068729162032	-0.00200087676258459	0.00720511939103404	-0.048067585048025	-0.00922239727572738	0.0296227904965703	-0.0897040493979172	-0.00282659650488036	0.0840508563881565	-0.0507813927627455	0.0157502026819623	0.0822817981266702	-0.117255913620399	-0.00176313555360673	0.113729642513185	-0.0066109554366853	0.0353829224717719	0.077376800380229
IL4	0.00415484331038877	0.0156976171420692	0.0272403909737497	-0.0288654765996699	-0.00866133828874282	0.0115428000221843	-0.103846221246718	-0.0185937908340747	0.0666586395785688	-0.139890446388674	0.050777032183106	0.241444510754886	-0.294360555266768	-0.14834555222083	-0.00233054917489067	-0.42159310318651	-0.1681243831222	0.0853443369421099	-0.102514726809905	-0.0103519555772496	0.0818108156554053
IL5	-0.0168120274921404	-0.000572064501046692	0.015667898490047	-0.0285396957738939	-0.000113733070211178	0.0283122296334716	-0.0702827189022912	0.0496621344744778	0.169606987851247	-0.257394824506412	0.0108624281058106	0.279119680718033	-0.296688993009362	-0.0912549890005307	0.114179015008301	-0.715847437089445	-0.359232753888553	-0.00261807068766107	-0.125469303972255	0.00419796801977077	0.133865240011797
CD28	-0.00371305199802335	0.000927251318864418	0.00556755463575219	-0.00899310497337963	-0.000870851918248517	0.0072514011368826	-0.035717441853632	-0.00144516541599005	0.0328271110216519	-0.161202377798138	-0.0845522635239637	-0.00790214924978927	-0.0642382564171329	-0.00553885601046265	0.0531605443962076	-0.0558531737856119	0.0460436284555942	0.1479404306968	-0.0304496638475157	0.00660063439801396	0.0436509326435437
FGF2	-0.0144578621435511	-0.00615927031404101	0.00213932151546905	-0.0211965465385106	-0.00667093081093113	0.00785468491664834	-0.081140130069564	-0.0198485260942275	0.0414430778811091	-0.237056682295558	-0.099977709519852	0.0371012632558539	-0.17017676897053	-0.0652003630448407	0.0397760428808486	-0.193713524636198	-0.0114840640199864	0.170745396596225	-0.0447767339873483	0.0214830083838635	0.0877427507550753
NOS3	0.00229973871552824	0.0063112212384332	0.0103227037613382	0.00316911047820081	0.0101906937567531	0.0172122770353054	-0.0543219454931327	-0.0246940034037829	0.00493393868556686	-0.0776248030539467	-0.0113617653187873	0.0549012724163721	0.013155114906237	0.0638999914274313	0.114644867948626	0.0319872099847491	0.120075684684858	0.208164159384968	-0.0619634049930676	-0.0299338987882788	0.00209560741650999
ADGRG1	0.0335521494394134	0.0437975329224237	0.054042916405434	0.0472039826165855	0.0651372062903523	0.083070429964119	-0.087877405785364	-0.0122072198168133	0.0634629661517374	-0.164435006640422	0.0048017352547574	0.174038477149937	-0.0599173078788524	0.0696858293127186	0.19928896650429	0.462092102041086	0.687071320717207	0.912050539393327	-0.172024124821343	-0.0902203099060827	-0.00841649499082245
MICAB	-0.0216297789466138	-0.00123031712926544	0.0191691446880829	0.00298185941223093	0.0386884888616428	0.0743951183110547	-0.240726707107409	-0.0900606952458838	0.0606053166156412	-0.229778666686577	0.107186607488673	0.444151881663924	-0.277338792659828	-0.0192875198175537	0.23876375302472	-0.81494272107151	-0.366989260989612	0.0809641990922859	-0.117583813110665	0.0452947947661939	0.208173402643053
CD4	0.00791566010358962	0.0117756736486942	0.0156356871937988	-0.00263942101061459	0.00411703533901061	0.0108734916886358	-0.0473151162006159	-0.0188058912132299	0.00970333377415607	-0.066288155926914	-0.00252713447485791	0.0612338869771982	-0.00596294861992893	0.0428658595820383	0.0916946677840055	-0.0538762189887807	0.0308861359681576	0.115648490925096	-0.0302275404625015	0.000592568334573593	0.0314126771316487
IL10	0.00110732879160152	0.00788060292270766	0.0146538770538138	-0.0065723985102054	0.00528334512284556	0.0171390887558965	-0.0713165544582667	-0.0212906170234502	0.0287353204113663	-0.0691306864491086	0.0427525678782835	0.154635822205676	-0.108498772381116	-0.0228174918409034	0.0628637886993094	-0.193180346962472	-0.0444454631562778	0.104289420649916	0.0195661875874478	0.0736470977173756	0.127728007847303
CD8A	-0.00969645518722775	-0.000570529474942209	0.00855539623734333	-0.000676093703840794	0.0152976633839232	0.0312714204716872	-0.10426797392232	-0.0368658608702353	0.0305362521818498	-0.0940842791935496	0.0566608770893521	0.207406033372254	-0.0263055071460528	0.0891365945625612	0.204578696271175	-0.100798572785103	0.0995983806184476	0.299995334021998	-0.115279657562233	-0.0424141041023572	0.0304514493575192
CCL19	0.00569477921867897	0.0153643803748597	0.0250339815310404	0.0127159338455579	0.029641324745514	0.0465667156454701	-0.102249076937238	-0.0308314946726724	0.040586087591893	-0.108738928439686	0.0509868444229477	0.210712617285581	-0.0393013570907459	0.0830181878350674	0.205337732760881	-0.181089072106199	0.0312464950919213	0.243582062290042	-0.0615217123271367	0.0156847938613636	0.092891300049864
CXCL10	0.0205782840310081	0.0305918539146989	0.0406054237983898	0.0032618946959287	0.020789358533169	0.0383168223704094	-0.0724366533286721	0.00152140754474363	0.0754794684181593	-0.174712516570479	-0.0093049508443405	0.156102614881798	-0.155870842704882	-0.0292001257360678	0.0974705912327468	-0.542296517422988	-0.322407712643027	-0.102518907863066	-0.111283933327698	-0.0313310239256393	0.0486218854764191
PTN	0.0938704909116557	0.104166734859193	0.11446297880673	-0.0198867261138289	-0.00186447775025669	0.0161577706133156	-0.18284324110548	-0.106797410748842	-0.0307515803922033	-0.379753826867678	-0.209676954456928	-0.0396000820461767	0.0448327435552278	0.175079260838197	0.305325778121166	-0.285731024167641	-0.0596349563672544	0.166461111433132	-0.0501477575271266	0.0320621505357024	0.114272058598531
IL12RB1	0.00774102279394527	0.0125727624034347	0.0174045020129241	-0.00520310266378249	0.00325423495506411	0.0117115725739107	-0.0488341946103856	-0.0131480111299941	0.0225381723503974	-0.143976851425064	-0.0641645271180367	0.0156477971889904	-0.00579499931771155	0.0553260521803642	0.11644710367844	-0.0433885004940474	0.0627120670437136	0.168812634581475	-0.0568348152787261	-0.0182560023539734	0.0203228105707793
VEGFC	-0.0201343872094542	-0.0143236978782567	-0.0085130085470592	-0.0110948602386835	-0.000923997269236342	0.00924686570021086	-0.0872640620927559	-0.0443475677491007	-0.00143107340544549	-0.0987714804651198	-0.00278853046547681	0.0931944195341662	-0.112494722339214	-0.0389900489594806	0.034514624420253	-0.258398957113388	-0.130801552109434	-0.00320414710547964	-0.0417787174347944	0.00461647659260337	0.0510116706200011
MCP3	-0.0528980250011789	-0.0226092237979341	0.00767957740531065	-0.0548248850235638	-0.00180824121625463	0.0512084025910545	-0.452462110690145	-0.228755577536486	-0.00504904438282652	-0.742586121110667	-0.242265362981092	0.258055395148482	-0.45002505800236	-0.0668745723009736	0.316275913400413	-1.00693294739127	-0.34181867024953	0.323295606892213	-0.0490951541171559	0.192744450202598	0.434584054522351
CXCL5	-0.0162385671307797	-0.00602859281081219	0.00418138150915531	-0.0250650439788142	-0.00719379948249845	0.0106774450138173	-0.127429280670558	-0.0520206191199938	0.0233880424305708	-0.223869063673775	-0.0552172224215568	0.113434618830661	-0.130209154018895	-0.00105393940858102	0.128101275201733	-0.247338843457421	-0.0231371775052716	0.201064488446878	-0.0725967448490023	0.00892434715748049	0.0904454391639632
CXCL11	0.00309857953239265	0.0145042302539012	0.0259098809754097	0.00620369518197838	0.0261678171568031	0.0461319391316278	-0.168379024256174	-0.0841393554707063	0.000100313314761014	-0.0426551730842103	0.145747259143281	0.334149691370771	-0.179087311482818	-0.0348069028802419	0.109473505722334	-0.572032896014535	-0.32157527360607	-0.0711176511976053	-0.123289279849522	-0.0322213620739109	0.0588465557017004
PDL2	-8.38968294660557e-05	0.00455018016422329	0.00918425715791263	-0.0133042965508213	-0.00519294187218994	0.0029184128064414	-0.0342642181252141	-3.79279637428527e-05	0.0341883621977284	-0.0804358884642106	-0.00388862272214184	0.0726586430199269	-0.0598208351204185	-0.00120019711644624	0.057420440887526	-0.0302507329688825	0.0715093449290397	0.173269422826962	-0.0265028158556431	0.0104977685854818	0.0474983530266067
LAPTGFbeta1	-0.0113756923182573	-0.00700370792656002	-0.00263172353486277	-0.00698360519654164	0.000668990152821255	0.00832158550218415	-0.0462599165292873	-0.0139693856262774	0.0183211452767326	-0.0251151874253743	0.0471027432449984	0.119320673915371	-0.0428788547541591	0.012426336491846	0.067731527737851	-0.175542639856811	-0.0795378749654495	0.0164668899259119	-0.0252096995621258	0.00969821799741534	0.0446061355569565
